Rk,Player,Pos,Age,Tm,G,MP,PER,TS%,3PAr,FTr,ORB%,DRB%,TRB%,AST%,STL%,BLK%,TOV%,USG%,,OWS,DWS,WS,WS/48,,OBPM,DBPM,BPM,VORP,Player-additional
1,Precious Achiuwa,C,24,TOR,21,387,16.2,.533,.278,.238,12.7,22.8,17.6,15.7,1.6,2.0,13.9,21.3,,0.2,0.5,0.7,.086,,-0.6,0.4,-0.2,0.2,achiupr01
2,Bam Adebayo,C,26,MIA,18,603,21.3,.578,.010,.414,6.8,26.6,16.5,19.6,1.7,2.7,11.4,28.3,,0.8,0.9,1.7,.135,,1.1,1.1,2.1,0.6,adebaba01
3,Ochai Agbaji,SG,23,UTA,28,590,9.9,.566,.575,.050,4.8,8.8,6.8,7.3,1.6,2.3,10.9,12.9,,0.3,0.3,0.6,.047,,-1.7,-0.6,-2.2,0.0,agbajoc01
4,Santi Aldama,PF,23,MEM,20,501,14.6,.533,.481,.168,6.7,19.6,12.9,12.5,1.4,2.9,9.0,20.9,,0.1,0.7,0.8,.078,,0.3,0.2,0.5,0.3,aldamsa01
5,Nickeil Alexander-Walker,SG,25,MIN,26,609,9.4,.543,.646,.106,2.4,6.8,4.8,14.3,1.7,2.5,14.3,14.0,,0.1,1.0,1.1,.090,,-1.9,2.0,0.1,0.3,alexani01
6,Grayson Allen,SG,28,PHO,22,731,12.4,.655,.578,.249,3.1,12.1,7.8,11.3,1.3,1.3,13.1,13.9,,1.1,0.6,1.6,.107,,-0.4,-0.7,-1.0,0.2,allengr01
7,Jarrett Allen,C,25,CLE,23,669,18.6,.684,.000,.385,11.1,20.4,15.8,11.6,1.3,2.9,16.4,16.9,,1.4,1.0,2.4,.169,,0.0,1.0,1.1,0.5,allenja01
8,Jose Alvarado,PG,25,NOP,14,236,13.5,.539,.554,.241,3.2,13.4,8.3,16.7,3.3,2.1,13.2,19.0,,0.0,0.4,0.4,.084,,-1.3,1.6,0.4,0.1,alvarjo01
9,Kyle Anderson,PF,30,MIN,26,598,11.7,.506,.128,.362,3.6,12.6,8.4,23.4,1.7,3.0,18.4,15.4,,0.1,1.1,1.2,.098,,-2.1,2.8,0.7,0.4,anderky01
10,Giannis Antetokounmpo,PF,29,MIL,26,903,29.3,.649,.093,.597,9.0,25.2,17.5,25.9,2.0,2.7,13.9,33.3,,3.0,1.3,4.3,.228,,5.5,1.6,7.2,2.1,antetgi01
11,Thanasis Antetokounmpo,PF,31,MIL,12,55,3.3,.444,.000,.000,6.3,5.7,6.0,10.6,1.7,1.5,35.7,10.7,,-0.1,0.0,0.0,-0.039,,-6.6,-1.2,-7.8,-0.1,antetth01
12,Cole Anthony,PG,23,ORL,26,653,17.0,.588,.339,.392,4.7,14.4,9.5,21.9,1.3,1.8,12.9,24.7,,1.0,0.9,1.9,.142,,1.1,0.5,1.6,0.6,anthoco01
13,OG Anunoby,SF,26,TOR,23,763,11.9,.580,.527,.142,2.9,10.4,6.6,10.7,1.5,1.5,11.8,18.4,,0.3,0.7,1.0,.062,,-1.2,-0.2,-1.4,0.1,anunoog01
14,Ryan Arcidiacono,PG,29,NYK,9,20,4.5,.000,1.000,.000,0.0,27.9,13.8,17.4,2.5,0.0,0.0,6.3,,0.0,0.0,0.0,-0.008,,-7.4,2.1,-5.3,0.0,arcidry01
15,Deni Avdija,SF,23,WAS,26,699,14.2,.584,.300,.232,4.3,18.0,11.1,19.4,1.3,0.9,13.2,17.8,,0.7,0.2,0.9,.065,,-0.7,-0.7,-1.4,0.1,avdijde01
16,Deandre Ayton,C,25,POR,22,696,15.7,.577,.000,.127,10.8,28.4,19.1,7.8,1.8,1.9,15.5,17.3,,0.4,1.0,1.4,.094,,-1.9,0.2,-1.7,0.0,aytonde01
17,Udoka Azubuike,C,24,PHO,2,9,11.8,1.000,.000,.000,0.0,48.0,25.2,0.0,0.0,0.0,0.0,4.8,,0.0,0.0,0.0,.157,,-2.1,-0.7,-2.8,0.0,azubuud01
18,Marvin Bagley III,C,24,DET,22,411,17.5,.624,.032,.338,10.8,17.4,14.0,9.2,0.3,2.8,13.4,21.3,,0.6,0.2,0.8,.089,,-0.2,-1.6,-1.8,0.0,baglema01
19,Amari Bailey,PG,19,CHO,2,11,3.8,.363,.333,.333,19.5,0.0,10.1,0.0,0.0,0.0,12.7,30.8,,0.0,0.0,-0.1,-0.247,,-5.3,-8.3,-13.6,0.0,baileam01
20,Patrick Baldwin Jr.,SF,21,WAS,7,39,13.1,.576,.385,.308,5.5,22.4,13.9,9.8,0.0,2.1,6.3,17.0,,0.1,0.0,0.1,.080,,-0.3,-1.4,-1.6,0.0,baldwpa01
21,LaMelo Ball,PG,22,CHO,15,501,20.6,.568,.450,.211,4.9,13.7,9.1,40.3,2.0,0.7,15.3,33.0,,0.5,0.1,0.7,.066,,4.3,-1.0,3.3,0.7,ballla01
22,Mo Bamba,C,25,PHI,15,91,23.4,.633,.270,.297,21.0,21.4,21.2,6.5,0.5,9.6,14.3,22.6,,0.2,0.2,0.4,.209,,1.4,-0.5,0.9,0.1,bambamo01
23,Paolo Banchero,PF,21,ORL,26,875,16.0,.549,.214,.392,4.5,18.8,11.6,21.3,1.5,1.5,14.8,27.7,,0.0,1.4,1.4,.075,,0.4,0.2,0.6,0.6,banchpa01
24,Desmond Bane,SG,25,MEM,25,860,18.5,.583,.457,.186,3.3,11.0,7.0,27.4,1.7,1.9,12.8,29.8,,0.7,1.0,1.7,.093,,3.2,-0.1,3.1,1.1,banede01
25,Dalano Banton,PG,24,BOS,12,94,12.2,.537,.276,.207,12.0,16.5,14.3,7.2,1.0,1.9,13.6,16.8,,0.1,0.1,0.2,.101,,-3.9,0.3,-3.6,0.0,bantoda01
26,Dominick Barlow,PF,20,SAS,8,45,4.2,.430,.222,.667,0.0,19.7,9.6,0.0,1.0,0.0,0.0,10.8,,0.0,0.0,0.0,-0.010,,-7.4,-1.4,-8.8,-0.1,barlodo01
27,Harrison Barnes,PF,31,SAC,26,795,11.5,.627,.537,.266,3.2,8.7,5.9,6.5,1.1,0.4,7.7,13.8,,1.1,0.4,1.5,.088,,-0.5,-1.2,-1.7,0.1,barneha02
28,Scottie Barnes,SG,22,TOR,27,944,21.7,.586,.326,.263,8.1,20.9,14.4,25.0,2.1,3.2,12.5,24.4,,1.7,1.4,3.1,.156,,4.3,2.1,6.4,2.0,barnesc01
29,RJ Barrett,SG,23,NYK,22,643,15.5,.545,.331,.328,2.6,12.7,7.6,13.2,0.8,1.2,8.8,26.9,,0.7,0.5,1.2,.087,,0.2,-1.8,-1.6,0.1,barrerj01
30,Charles Bassey,C,23,SAS,19,205,17.6,.739,.025,.150,11.8,28.6,20.0,14.3,1.8,7.4,26.0,11.7,,0.3,0.3,0.6,.144,,-2.1,3.0,0.9,0.2,bassech01
31,Emoni Bates,SF,20,CLE,7,52,4.5,.378,.800,.133,2.2,16.8,9.6,4.9,0.9,1.7,5.9,14.0,,-0.1,0.1,0.0,-0.018,,-5.0,-1.2,-6.1,-0.1,batesem01
32,Keita Bates-Diop,SF,28,PHO,22,387,11.0,.491,.388,.311,6.2,13.4,10.0,6.7,1.5,3.3,4.9,13.7,,0.2,0.4,0.6,.074,,-2.1,-0.5,-2.6,-0.1,bateske01
33,Nicolas Batum,PF,35,TOT,20,478,11.8,.717,.757,.149,4.2,12.4,8.4,11.1,1.2,2.4,10.2,7.8,,0.9,0.6,1.5,.153,,0.5,1.1,1.5,0.4,batumni01
33,Nicolas Batum,PF,35,LAC,3,54,9.8,.500,.875,.000,0.0,13.8,7.2,11.2,2.7,6.7,11.1,7.2,,0.0,0.1,0.1,.105,,-1.8,4.1,2.3,0.1,batumni01
33,Nicolas Batum,PF,35,PHI,17,424,12.1,.741,.742,.167,4.8,12.3,8.6,11.1,1.0,1.9,10.1,7.8,,0.9,0.5,1.4,.159,,0.7,0.7,1.4,0.4,batumni01
34,Bradley Beal,SG,30,PHO,6,151,13.3,.553,.304,.348,2.4,12.2,7.5,20.0,1.3,1.1,15.0,26.7,,0.0,0.1,0.1,.030,,-1.2,-1.3,-2.4,0.0,bealbr01
35,Malik Beasley,SG,27,MIL,25,755,12.3,.647,.721,.054,2.8,12.7,8.0,6.2,1.5,0.4,6.6,13.6,,1.1,0.6,1.7,.109,,0.3,-0.3,0.0,0.4,beaslma01
36,MarJon Beauchamp,SF,23,MIL,23,375,8.3,.586,.429,.198,4.3,12.0,8.3,5.9,0.9,0.9,14.7,13.0,,0.1,0.2,0.4,.046,,-2.6,-0.8,-3.4,-0.1,beaucma01
37,Jules Bernard,SG,24,WAS,2,10,-7.1,.200,.600,.000,10.8,0.0,5.4,12.3,0.0,0.0,16.7,25.2,,-0.1,0.0,-0.1,-0.389,,-11.7,-7.2,-18.9,0.0,bernaju01
38,Dāvis Bertāns,PF,31,OKC,9,71,16.7,.684,.947,.789,1.6,10.2,6.2,12.3,1.3,2.7,3.8,16.1,,0.3,0.1,0.3,.235,,2.1,0.9,3.0,0.1,bertada01
39,Patrick Beverley,PG,35,PHI,27,465,10.4,.523,.514,.243,4.8,12.8,8.9,16.7,1.5,1.3,12.6,12.3,,0.4,0.6,1.0,.104,,-1.8,0.6,-1.1,0.1,beverpa01
40,Saddiq Bey,SF,24,ATL,27,855,12.9,.579,.502,.209,7.5,14.4,10.8,5.2,1.6,0.4,9.4,15.7,,1.0,0.3,1.3,.074,,0.1,-1.5,-1.4,0.1,beysa01
41,Goga Bitadze,C,24,ORL,24,506,18.3,.632,.042,.403,12.3,21.7,17.0,11.6,1.5,7.3,12.5,13.4,,1.0,1.1,2.1,.199,,0.1,3.0,3.1,0.7,bitadgo01
42,Onuralp Bitim,SG,24,CHI,1,3,0.0,,,,0.0,0.0,0.0,0.0,0.0,0.0,,0.0,,0.0,0.0,0.0,-0.007,,-7.1,-3.4,-10.5,0.0,bitimon01
43,Bismack Biyombo,C,31,MEM,19,493,11.2,.586,.000,.425,9.2,20.4,14.6,10.7,0.7,4.5,20.1,11.2,,0.3,0.7,0.9,.090,,-4.1,1.3,-2.8,-0.1,biyombi01
44,Anthony Black,PG,20,ORL,24,469,8.1,.568,.365,.292,3.9,10.7,7.3,11.6,0.9,1.6,16.2,11.7,,0.2,0.6,0.7,.076,,-3.7,0.7,-2.9,-0.1,blackan01
45,Leaky Black,SF,24,CHO,7,40,17.0,.688,.250,.000,5.4,14.5,9.7,13.4,2.4,6.7,11.1,9.7,,0.1,0.0,0.1,.131,,1.0,2.9,3.9,0.1,blackle01
46,Bogdan Bogdanović,SG,31,ATL,25,701,18.0,.618,.614,.118,1.5,12.1,6.6,13.6,2.4,1.0,7.5,22.5,,1.5,0.4,1.9,.130,,3.1,0.2,3.2,0.9,bogdabo01
47,Bojan Bogdanović,PF,34,DET,8,251,17.3,.634,.504,.316,1.7,6.3,4.0,12.8,1.7,0.0,10.1,24.8,,0.4,0.1,0.4,.086,,3.0,-1.9,1.1,0.2,bogdabo02
48,Bol Bol,PF,24,PHO,6,15,4.4,.667,.333,.000,0.0,21.6,11.3,0.0,0.0,5.7,40.0,14.4,,0.0,0.0,0.0,-0.086,,-8.4,-1.1,-9.5,0.0,bolbo01
49,Marques Bolden,C,25,MIL,2,3,3.2,,,,0.0,69.6,36.6,0.0,0.0,0.0,,0.0,,0.0,0.0,0.0,.106,,-7.9,2.3,-5.5,0.0,boldema01
50,Devin Booker,SG,27,PHO,18,643,23.1,.602,.265,.400,3.0,14.3,8.9,40.2,0.9,1.1,11.6,31.7,,2.0,0.5,2.5,.184,,4.5,-1.1,3.3,0.9,bookede01
51,Brandon Boston Jr.,SF,22,LAC,2,11,19.3,.643,.429,.000,0.0,19.4,10.1,34.8,0.0,0.0,12.5,31.4,,0.0,0.0,0.0,.136,,-3.3,-1.1,-4.4,0.0,bostobr01
52,Chris Boucher,PF,31,TOR,25,354,14.7,.569,.392,.392,9.0,20.2,14.5,3.1,1.1,3.9,7.9,18.3,,0.4,0.4,0.8,.115,,-1.8,-0.6,-2.4,0.0,bouchch01
53,James Bouknight,SG,23,CHO,3,18,26.6,.773,.909,.000,6.0,19.3,12.4,0.0,0.0,0.0,8.3,28.6,,0.0,0.0,0.0,.113,,13.4,-1.2,12.2,0.1,bouknja01
54,Jamaree Bouyea,PG,24,POR,6,57,-4.6,.238,.381,.000,3.7,16.8,9.9,19.4,0.0,0.0,27.6,21.5,,-0.4,0.0,-0.3,-0.287,,-13.1,-4.9,-18.0,-0.2,bouyeja01
55,Malaki Branham,SG,20,SAS,26,578,8.6,.523,.394,.069,1.1,7.5,4.2,15.7,0.9,0.6,12.2,18.3,,-0.3,0.1,-0.2,-0.017,,-3.6,-1.9,-5.5,-0.5,branhma01
56,Christian Braun,SG,22,DEN,29,587,13.0,.559,.259,.244,4.3,16.4,10.4,11.7,1.0,1.3,9.0,17.9,,0.6,0.6,1.2,.098,,-1.3,-0.4,-1.7,0.0,braunch01
57,Mikal Bridges,SF,27,BRK,27,938,16.7,.572,.349,.281,3.1,13.4,8.2,16.0,1.4,1.1,11.4,26.1,,1.0,0.7,1.7,.087,,0.9,-0.8,0.1,0.5,bridgmi01
58,Miles Bridges,SF,25,CHO,15,544,15.4,.567,.343,.225,2.8,19.4,10.7,10.2,1.9,0.5,8.8,22.4,,0.4,0.2,0.6,.052,,-0.8,-1.2,-2.0,0.0,bridgmi02
59,Oshae Brissett,SF,25,BOS,13,130,10.4,.546,.440,.560,9.5,14.3,12.0,5.8,1.9,0.0,11.4,11.7,,0.1,0.2,0.3,.118,,-2.9,0.7,-2.2,0.0,brissos01
60,Malcolm Brogdon,PG,31,POR,19,519,17.0,.533,.409,.222,3.1,12.0,7.3,32.6,1.3,0.5,9.5,24.9,,0.7,0.4,1.1,.101,,2.7,-0.5,2.2,0.5,brogdma01
61,Armoni Brooks,PG,25,BRK,7,64,9.3,.463,.704,.000,6.6,13.2,9.9,6.3,0.0,1.4,3.6,18.5,,0.0,0.0,0.0,.019,,-1.3,-2.9,-4.2,0.0,brookar01
62,Dillon Brooks,SF,28,HOU,25,795,10.4,.605,.443,.196,2.7,9.3,6.1,7.7,1.5,0.1,13.5,18.7,,0.2,1.1,1.3,.080,,-2.9,0.3,-2.5,-0.1,brookdi01
63,Bruce Brown,SG,27,IND,26,800,11.3,.553,.357,.246,2.7,14.8,8.7,11.1,1.7,0.6,10.0,15.9,,0.6,0.2,0.8,.046,,-1.9,-1.1,-3.0,-0.2,brownbr01
64,Charlie Brown Jr.,SG,26,NYK,1,2,-69.1,.000,1.000,.000,0.0,0.0,0.0,0.0,0.0,0.0,66.7,63.5,,-0.1,0.0,-0.1,-1.893,,-41.5,-23.7,-65.2,0.0,brownch02
65,Greg Brown III,PF,22,DAL,3,11,11.1,.595,.000,2.500,9.8,10.1,9.9,12.8,0.0,0.0,19.2,20.1,,0.0,0.0,0.0,-0.018,,-1.5,-1.8,-3.2,0.0,browngr01
66,Jaylen Brown,SF,27,BOS,26,884,17.2,.562,.348,.203,2.6,12.4,7.7,17.6,1.6,1.8,10.5,28.7,,0.7,1.2,1.9,.104,,0.2,0.2,0.4,0.5,brownja02
67,Kobe Brown,PF,24,LAC,17,164,5.4,.477,.650,.050,4.2,15.0,9.8,6.1,0.6,1.6,6.8,11.6,,0.0,0.2,0.2,.053,,-5.4,0.2,-5.2,-0.1,brownko01
68,Moses Brown,C,24,POR,5,35,18.2,.466,.000,.167,24.3,34.2,28.9,4.5,1.4,2.5,7.2,16.8,,0.0,0.1,0.1,.108,,-1.2,-4.3,-5.5,0.0,brownmo01
69,Troy Brown Jr.,SF,24,MIN,22,334,12.4,.629,.688,.215,4.6,14.0,9.7,10.3,0.9,0.5,12.1,15.1,,0.4,0.5,1.0,.138,,0.3,0.6,0.8,0.2,browntr01
70,Jalen Brunson,PG,27,NYK,27,958,20.7,.594,.348,.297,2.3,10.3,6.2,26.9,1.6,0.2,9.7,28.1,,2.6,0.8,3.4,.169,,4.5,-0.4,4.1,1.5,brunsja01
71,Thomas Bryant,C,26,MIA,18,223,15.4,.600,.042,.278,11.2,24.8,17.9,7.5,1.3,2.2,15.7,19.0,,0.2,0.3,0.5,.103,,-2.5,-0.7,-3.2,-0.1,bryanth01
72,Kobe Bufkin,SG,20,ATL,2,4,-9.9,.129,.333,.667,26.7,28.2,27.4,0.0,0.0,0.0,0.0,39.7,,0.0,0.0,0.0,-0.526,,-18.6,-13.2,-31.8,0.0,bufkiko01
73,Reggie Bullock,SF,32,HOU,11,93,5.5,.514,.850,.050,2.4,12.6,7.6,4.2,0.5,1.0,8.9,10.5,,0.0,0.1,0.1,.054,,-3.2,-0.6,-3.7,0.0,bullore01
74,Alec Burks,SG,32,DET,20,359,12.0,.509,.592,.357,3.0,10.7,6.8,11.4,1.1,0.9,4.2,22.2,,0.3,0.1,0.4,.048,,-0.7,-1.6,-2.4,0.0,burksal01
75,Jared Butler,SG,23,WAS,13,103,16.1,.629,.474,.342,0.0,9.5,4.7,29.3,3.1,0.8,18.6,21.9,,0.1,0.1,0.2,.079,,-1.3,0.1,-1.1,0.0,butleja02
76,Jimmy Butler,PF,34,MIA,23,783,21.0,.594,.159,.571,6.5,11.1,8.8,21.0,1.6,1.1,9.0,25.8,,2.1,0.7,2.8,.174,,3.1,-0.8,2.3,0.8,butleji01
77,Jamal Cain,PF,24,MIA,8,113,10.7,.547,.517,.379,5.0,7.3,6.1,1.2,2.6,1.7,5.6,14.0,,0.0,0.1,0.2,.075,,-2.6,0.5,-2.1,0.0,cainja01
78,Kentavious Caldwell-Pope,SG,30,DEN,27,880,10.6,.601,.441,.239,1.4,5.2,3.3,9.5,2.1,1.3,11.3,13.0,,0.8,0.9,1.7,.091,,-2.2,0.6,-1.5,0.1,caldwke01
79,Toumani Camara,PF,23,POR,26,658,9.4,.507,.465,.218,8.4,13.1,10.6,5.8,1.9,1.9,13.1,13.8,,0.0,0.7,0.7,.049,,-4.0,0.4,-3.6,-0.3,camarto01
80,Clint Capela,C,29,ATL,26,670,22.4,.607,.000,.305,20.5,24.9,22.6,6.2,1.3,5.8,7.7,16.7,,2.0,0.6,2.7,.191,,2.1,-0.8,1.3,0.6,capelca01
81,Jevon Carter,PG,28,CHI,29,414,8.1,.489,.648,.006,1.0,4.5,2.7,12.2,1.8,1.8,9.6,18.7,,-0.3,0.3,0.0,-0.003,,-3.4,-0.8,-4.3,-0.2,carteje01
82,Wendell Carter Jr.,C,24,ORL,6,170,9.3,.491,.367,.327,8.0,24.9,16.4,7.2,0.8,1.1,12.5,15.9,,-0.1,0.3,0.2,.058,,-3.7,-0.7,-4.4,-0.1,cartewe01
83,Alex Caruso,SG,29,CHI,23,533,16.7,.695,.549,.236,5.3,11.2,8.1,14.5,2.5,3.7,17.2,15.8,,0.9,0.6,1.5,.139,,1.5,2.1,3.6,0.7,carusal01
84,Colin Castleton,C,23,LAL,4,28,17.5,.676,.000,.250,12.1,14.8,13.5,15.4,0.0,0.0,0.0,13.7,,0.1,0.0,0.1,.234,,0.1,-1.7,-1.6,0.0,castlco01
85,Malcolm Cazalon,SG,22,DET,1,3,0.0,,,,0.0,0.0,0.0,0.0,0.0,0.0,,0.0,,0.0,0.0,0.0,-0.019,,-6.4,-3.1,-9.5,0.0,cazalma01
86,Julian Champagnie,SF,22,SAS,19,244,10.0,.545,.744,.128,2.6,10.0,6.2,8.5,1.3,4.4,12.5,17.8,,-0.1,0.2,0.0,.006,,-1.6,-0.7,-2.2,0.0,champju02
87,Max Christie,SG,20,LAL,22,362,5.7,.479,.462,.151,0.9,14.6,8.1,7.9,1.1,1.0,13.1,13.6,,-0.4,0.4,0.0,.004,,-5.6,-0.4,-6.0,-0.4,chrisma02
88,Sidy Cissoko,SF,19,SAS,1,4,-12.0,,,,0.0,0.0,0.0,0.0,0.0,0.0,100.0,10.4,,0.0,0.0,0.0,-0.349,,-15.2,-5.7,-21.0,0.0,cissosi01
89,Jordan Clarkson,SG,31,UTA,19,586,11.6,.498,.365,.229,4.4,7.5,6.0,24.8,1.3,0.5,15.2,26.6,,-0.3,0.1,-0.2,-0.019,,-1.7,-3.3,-5.0,-0.4,clarkjo01
90,Nic Claxton,C,24,BRK,18,487,21.1,.658,.007,.271,12.3,23.3,17.8,7.4,0.7,8.1,9.0,15.4,,1.2,0.7,1.9,.191,,0.6,1.5,2.1,0.5,claxtni01
91,Noah Clowney,PF,19,BRK,1,3,4.1,,,,0.0,35.1,17.5,0.0,0.0,0.0,,0.0,,0.0,0.0,0.0,.049,,-4.3,-1.4,-5.7,0.0,clownno01
92,Amir Coffey,SF,26,LAC,15,171,6.4,.549,.605,.289,2.7,10.6,6.8,6.6,0.6,0.0,12.3,12.3,,0.1,0.1,0.2,.053,,-4.0,-1.2,-5.2,-0.1,coffeam01
93,John Collins,PF,26,UTA,24,726,14.5,.582,.332,.239,9.0,20.8,14.8,4.2,1.0,2.9,11.1,19.1,,0.6,0.5,1.1,.075,,-0.8,-1.7,-2.4,-0.1,collijo01
94,Zach Collins,C,26,SAS,26,701,13.3,.577,.371,.258,7.8,16.6,12.1,18.5,1.1,2.0,18.1,21.4,,0.1,0.4,0.5,.036,,-1.8,-0.5,-2.3,-0.1,colliza01
95,Mike Conley,PG,36,MIN,26,765,15.3,.631,.621,.192,1.6,8.6,5.3,28.3,1.5,0.2,11.4,14.9,,1.9,1.2,3.0,.191,,1.6,1.3,2.9,0.9,conlemi01
96,Pat Connaughton,SF,31,MIL,21,464,9.0,.538,.663,.125,3.5,13.0,8.5,11.4,1.1,0.7,12.0,11.3,,0.3,0.3,0.6,.062,,-1.6,-0.2,-1.9,0.0,connapa01
97,Bilal Coulibaly,SF,19,WAS,25,673,11.0,.629,.461,.281,2.9,13.6,8.2,8.0,1.8,2.0,17.2,14.2,,0.1,0.3,0.4,.029,,-2.2,-0.7,-2.8,-0.1,coulibi01
98,Robert Covington,SF-PF,33,TOT,25,432,13.9,.593,.584,.270,7.6,14.8,11.3,5.7,3.7,3.4,9.1,10.7,,0.6,0.9,1.5,.165,,-0.4,3.1,2.7,0.5,covinro01
98,Robert Covington,PF,33,LAC,3,69,10.5,.455,.889,.222,3.3,9.3,6.4,12.0,4.3,2.6,0.0,6.2,,0.1,0.1,0.2,.137,,-2.5,4.2,1.7,0.1,covinro01
98,Robert Covington,SF,33,PHI,22,363,14.6,.608,.550,.275,8.4,15.8,12.2,4.5,3.6,3.6,10.0,11.6,,0.5,0.8,1.3,.170,,0.0,2.9,2.9,0.4,covinro01
99,Torrey Craig,SF,33,CHI,27,572,11.3,.553,.547,.165,9.2,16.3,12.6,6.7,1.5,1.8,9.7,12.6,,0.6,0.5,1.1,.093,,-2.1,-0.3,-2.4,-0.1,craigto01
100,Jae Crowder,PF,33,MIL,9,240,11.8,.698,.660,.255,1.9,13.5,8.0,7.6,1.4,1.0,7.1,9.9,,0.4,0.2,0.6,.124,,0.7,0.5,1.2,0.2,crowdja01
101,Cade Cunningham,PG,22,DET,27,935,14.3,.530,.300,.230,1.5,11.2,6.2,33.0,1.4,0.6,15.9,30.2,,-0.5,0.3,-0.2,-0.009,,-0.2,-2.4,-2.6,-0.1,cunnica01
102,Seth Curry,SG,33,DAL,21,251,11.7,.538,.566,.120,4.3,9.3,6.8,9.9,2.1,1.0,6.4,15.8,,0.2,0.2,0.4,.080,,-1.4,-0.4,-1.7,0.0,curryse01
103,Stephen Curry,PG,35,GSW,25,847,21.5,.652,.617,.333,1.7,13.2,7.4,22.2,1.0,0.8,13.4,30.8,,2.2,0.7,2.8,.161,,7.0,-0.7,6.3,1.8,curryst01
104,Dyson Daniels,PG,20,NOP,28,666,10.7,.475,.439,.175,4.7,14.9,9.8,15.8,2.9,1.5,14.0,13.6,,-0.1,1.0,0.9,.067,,-2.8,2.0,-0.8,0.2,daniedy01
105,Anthony Davis,C,30,LAL,26,919,25.6,.611,.049,.417,11.1,26.9,19.3,13.6,1.6,6.3,9.1,26.4,,2.2,1.9,4.1,.215,,3.2,1.8,4.9,1.6,davisan02
106,Johnny Davis,SG,21,WAS,14,128,9.9,.509,.075,.125,6.8,9.4,8.1,5.1,2.5,0.6,10.6,15.5,,0.0,0.0,0.0,.000,,-4.5,-1.4,-5.9,-0.1,davisjo06
107,Dexter Dennis,SG,24,DAL,2,7,3.8,.311,.500,.167,15.4,15.9,15.6,0.0,0.0,0.0,0.0,39.0,,0.0,0.0,0.0,-0.295,,-7.3,-8.8,-16.1,0.0,dennide01
108,DeMar DeRozan,SF,34,CHI,27,982,18.9,.550,.151,.421,2.3,9.4,5.6,23.7,1.5,2.4,6.8,26.3,,1.9,0.7,2.6,.125,,1.9,-0.3,1.6,0.9,derozde01
109,Moussa Diabaté,C,22,LAC,9,55,24.8,.580,.000,.667,29.4,9.7,19.2,10.1,3.6,0.0,7.9,19.9,,0.2,0.1,0.3,.266,,4.3,-1.0,3.3,0.1,diabamo01
110,Gradey Dick,SG,20,TOR,17,227,3.2,.431,.657,.209,3.3,7.4,5.3,8.3,0.9,0.0,14.1,15.9,,-0.3,0.1,-0.2,-0.039,,-7.2,-2.0,-9.2,-0.4,dickgr01
111,Ousmane Dieng,PF,20,OKC,16,183,10.3,.565,.685,.185,4.5,11.9,8.4,11.3,0.3,0.0,9.3,15.1,,0.2,0.2,0.3,.085,,-0.8,-1.7,-2.4,0.0,diengou01
112,Spencer Dinwiddie,PG,30,BRK,26,827,15.2,.541,.548,.314,1.8,11.7,6.7,29.0,1.4,0.6,11.5,20.5,,1.3,0.5,1.8,.107,,0.5,-0.5,0.0,0.4,dinwisp01
113,Donte DiVincenzo,SG,27,NYK,27,556,15.8,.629,.722,.146,3.9,12.3,8.1,12.3,2.4,1.4,11.0,18.0,,1.0,0.7,1.7,.144,,2.2,1.2,3.4,0.8,divindo01
114,Luka Dončić,PG,24,DAL,26,962,26.8,.610,.442,.355,2.3,22.9,12.4,41.8,1.6,1.1,13.1,35.3,,2.8,1.0,3.8,.192,,7.9,0.6,8.4,2.6,doncilu01
115,Luguentz Dort,SF,24,OKC,24,671,12.0,.604,.543,.328,5.4,10.0,7.8,5.7,1.5,2.7,9.4,15.0,,0.8,0.8,1.6,.116,,-1.0,0.2,-0.8,0.2,dortlu01
116,Ayo Dosunmu,SG,24,CHI,27,564,11.4,.590,.471,.170,3.0,8.5,5.6,12.6,1.9,1.3,12.7,14.6,,0.5,0.4,0.9,.073,,-2.4,0.0,-2.4,-0.1,dosunay01
117,Andre Drummond,C,30,CHI,29,385,22.1,.545,.007,.485,22.2,35.2,28.4,6.4,3.6,2.7,14.9,22.1,,0.4,0.8,1.2,.150,,-0.4,-0.5,-0.9,0.1,drumman01
118,Chris Duarte,SF,26,SAC,23,285,5.9,.489,.588,.225,1.5,13.7,7.4,8.1,2.0,0.6,12.0,14.8,,-0.2,0.3,0.1,.011,,-6.1,0.2,-5.9,-0.3,duartch01
119,Kris Dunn,PG,29,UTA,20,279,11.4,.561,.289,.120,4.3,13.8,9.0,28.3,1.7,0.7,22.9,16.9,,0.1,0.1,0.2,.036,,-2.8,-0.6,-3.4,-0.1,dunnkr01
120,Kevin Durant,PF,35,PHO,23,844,24.4,.633,.223,.401,1.3,16.9,9.5,28.0,1.1,2.6,12.2,32.8,,2.2,0.8,3.0,.173,,6.2,-0.2,6.0,1.7,duranke01
121,Jalen Duren,C,20,DET,14,404,16.9,.632,.016,.220,12.6,29.7,20.9,13.2,0.9,3.9,21.4,18.4,,0.2,0.4,0.6,.073,,-1.7,0.8,-0.9,0.1,durenja01
122,Tari Eason,PF,22,HOU,17,357,17.4,.550,.275,.221,10.6,26.5,18.7,8.9,2.2,4.5,10.6,19.7,,0.2,0.8,1.1,.145,,0.3,2.2,2.5,0.4,easonta01
123,Anthony Edwards,SG,22,MIN,23,782,19.3,.567,.332,.296,2.4,14.7,9.0,24.8,1.9,1.2,12.1,31.6,,0.7,1.5,2.2,.134,,2.2,1.1,3.4,1.0,edwaran01
124,Kessler Edwards,SF,23,SAC,21,115,8.9,.533,.613,.065,2.8,15.0,8.7,6.8,0.8,1.5,3.0,12.1,,0.1,0.1,0.1,.062,,-1.9,-0.9,-2.8,0.0,edwarke02
125,Keon Ellis,SG,24,SAC,19,262,11.9,.622,.862,.231,2.5,10.1,6.1,14.4,2.2,3.0,15.4,13.7,,0.2,0.3,0.5,.095,,-0.6,1.2,0.6,0.2,elliske01
126,Joel Embiid,C,29,PHI,24,819,35.0,.652,.149,.537,9.5,28.3,19.1,31.3,1.6,4.8,12.2,37.8,,3.9,1.7,5.6,.328,,9.1,3.5,12.6,3.0,embiijo01
127,Drew Eubanks,C,26,PHO,26,444,15.5,.659,.018,.330,9.9,18.7,14.5,10.2,0.9,5.6,19.5,15.5,,0.5,0.6,1.1,.119,,-2.0,0.4,-1.6,0.0,eubandr01
128,Dante Exum,PG,28,DAL,24,418,18.1,.656,.331,.239,3.6,14.6,9.0,19.5,1.5,0.8,8.7,17.5,,1.1,0.3,1.5,.168,,1.8,0.0,1.8,0.4,exumda01
129,Bruno Fernando,C,25,ATL,7,33,13.9,.536,.063,.375,16.2,23.9,19.9,4.5,0.0,2.6,17.7,28.0,,0.0,0.0,0.0,-0.016,,-3.9,-3.8,-7.8,0.0,fernabr01
130,Dorian Finney-Smith,PF,30,BRK,25,733,12.0,.613,.667,.039,7.2,10.8,9.0,5.6,1.1,1.8,9.5,13.4,,1.0,0.5,1.4,.093,,-0.3,-0.5,-0.8,0.2,finnedo01
131,Malachi Flynn,PG,25,TOR,27,440,10.1,.534,.567,.173,2.4,12.2,7.2,19.4,1.8,1.0,17.0,15.9,,0.0,0.4,0.5,.050,,-3.1,0.5,-2.6,-0.1,flynnma01
132,Simone Fontecchio,SF,28,UTA,26,540,11.2,.591,.676,.142,4.4,10.8,7.6,8.5,1.1,2.0,12.2,16.4,,0.4,0.2,0.6,.053,,-0.5,-1.6,-2.1,0.0,fontesi01
133,Jordan Ford,PG,25,SAC,6,22,16.6,.761,.429,.286,0.0,10.4,5.0,13.0,0.0,0.0,11.3,17.1,,0.1,0.0,0.1,.145,,3.4,-1.6,1.8,0.0,fordjo01
134,Trent Forrest,SG,25,ATL,7,61,5.7,.298,.067,.267,7.0,7.4,7.2,22.6,1.6,0.0,15.2,13.2,,-0.1,0.0,0.0,-0.036,,-4.9,-0.9,-5.7,-0.1,forretr01
135,Evan Fournier,SG,31,NYK,1,16,-3.2,.167,.667,.000,0.0,7.0,3.5,7.8,3.1,0.0,0.0,15.9,,-0.1,0.0,-0.1,-0.152,,-14.8,-0.8,-15.6,-0.1,fournev01
136,De'Aaron Fox,PG,26,SAC,20,699,23.5,.595,.379,.368,2.8,11.3,6.9,30.5,2.1,0.7,9.0,33.6,,1.7,0.6,2.3,.155,,5.3,-0.8,4.5,1.1,foxde01
137,Alex Fudge,SF,20,LAL,4,14,-1.8,.291,.333,.333,16.2,0.0,7.7,0.0,0.0,0.0,12.7,24.3,,-0.1,0.0,-0.1,-0.212,,-9.9,-8.2,-18.1,-0.1,fudgeal01
138,Markelle Fultz,PG,25,ORL,5,143,13.5,.493,.054,.071,6.3,7.2,6.8,21.0,2.0,1.3,9.4,18.9,,0.0,0.2,0.2,.082,,-1.1,1.3,0.3,0.1,fultzma01
139,Daniel Gafford,C,25,WAS,23,583,19.4,.708,.000,.411,12.0,20.8,16.4,9.5,1.0,6.8,12.7,14.2,,1.6,0.4,2.0,.164,,-0.5,0.6,0.1,0.3,gaffoda01
140,Danilo Gallinari,PF,35,WAS,23,351,14.1,.589,.479,.405,3.4,18.4,10.8,11.3,0.8,0.7,7.2,18.4,,0.5,0.1,0.6,.076,,-0.5,-1.6,-2.2,0.0,gallida01
141,Darius Garland,PG,24,CLE,20,680,16.0,.573,.324,.283,2.0,6.9,4.5,26.9,2.3,0.5,17.4,27.8,,0.1,0.7,0.9,.062,,0.5,-0.8,-0.3,0.3,garlada01
142,Luka Garza,C,25,MIN,6,18,11.7,.419,.250,.667,19.9,23.2,21.6,17.5,0.0,0.0,6.1,39.9,,0.0,0.0,0.0,.012,,-9.3,-4.8,-14.1,-0.1,garzalu01
143,Kaiser Gates,SF,27,NOP,1,7,-19.2,.000,.500,.000,0.0,15.6,7.8,0.0,0.0,0.0,0.0,24.3,,-0.1,0.0,-0.1,-0.545,,-18.6,-10.3,-28.9,-0.1,gateska01
144,Keyonte George,PG,20,UTA,24,618,10.2,.500,.530,.317,2.1,10.7,6.4,27.4,0.9,0.4,17.3,21.3,,-0.1,0.1,0.0,-0.001,,-1.6,-2.7,-4.3,-0.3,georgke01
145,Paul George,PF,33,LAC,25,871,18.8,.589,.463,.229,2.1,15.5,9.1,18.2,2.4,0.7,10.3,26.9,,1.3,1.3,2.6,.144,,2.2,0.7,2.9,1.1,georgpa01
146,Taj Gibson,PF,38,NYK,4,27,5.9,.400,.400,.000,8.1,16.6,12.3,0.0,1.8,7.0,16.7,9.4,,0.0,0.0,0.0,.029,,-7.3,1.1,-6.2,0.0,gibsota01
147,Josh Giddey,SG,21,OKC,25,641,13.4,.484,.220,.107,7.4,18.3,13.2,24.1,1.6,1.6,16.7,24.5,,-0.6,1.0,0.4,.028,,-1.3,-0.2,-1.5,0.1,giddejo01
148,Harry Giles,C,25,BRK,7,42,25.5,.628,.208,.292,12.5,12.5,12.5,4.3,1.2,4.2,6.9,29.3,,0.1,0.0,0.1,.164,,3.4,-0.4,3.0,0.1,gilesha01
149,Shai Gilgeous-Alexander,PG,25,OKC,24,832,30.7,.635,.156,.399,2.9,14.3,9.0,31.6,3.8,2.0,7.8,32.5,,3.5,1.6,5.1,.296,,7.1,3.7,10.8,2.7,gilgesh01
150,Anthony Gill,PF,31,WAS,17,115,10.4,.523,.212,.424,8.5,16.1,12.3,11.1,1.2,2.8,20.3,18.0,,-0.1,0.0,0.0,-0.012,,-4.7,-1.7,-6.4,-0.1,gillan01
151,Collin Gillespie,PG,24,DEN,11,86,5.9,.489,.600,.050,1.3,3.8,2.5,11.2,2.9,0.0,16.4,12.2,,0.0,0.1,0.0,.025,,-6.5,0.9,-5.6,-0.1,gilleco01
152,Jacob Gilyard,PG,25,MEM,19,299,10.6,.599,.845,.017,2.1,5.4,3.7,26.8,1.8,0.3,18.2,10.2,,0.4,0.3,0.6,.102,,-1.9,0.3,-1.7,0.0,gilyaja01
153,Rudy Gobert,C,31,MIN,26,828,18.4,.630,.000,.630,13.6,27.6,21.0,5.4,1.2,6.1,13.5,15.5,,1.4,2.1,3.5,.201,,-0.5,2.4,1.9,0.8,goberru01
154,Jordan Goodwin,PG,25,PHO,27,495,12.3,.483,.455,.139,7.7,16.6,12.4,20.5,1.8,1.4,12.5,17.4,,0.2,0.5,0.7,.069,,-1.1,0.0,-1.0,0.1,goodwjo01
155,Aaron Gordon,PF,28,DEN,25,800,15.9,.551,.179,.284,9.8,14.2,12.0,15.0,1.5,1.7,10.7,18.2,,1.0,0.9,1.9,.117,,0.5,0.0,0.5,0.5,gordoaa01
156,Eric Gordon,SG,35,PHO,23,732,12.0,.584,.584,.080,1.3,5.8,3.6,13.2,1.7,1.4,11.1,18.0,,0.4,0.5,0.9,.062,,-0.6,-1.1,-1.7,0.1,gordoer01
157,Devonte' Graham,PG,28,SAS,5,52,14.0,.497,.667,.583,2.0,4.3,3.1,39.3,1.8,1.7,11.7,13.7,,0.1,0.0,0.1,.105,,-0.8,-0.4,-1.2,0.0,grahade01
158,Jerami Grant,PF,29,POR,22,779,15.9,.586,.366,.331,2.0,10.9,6.2,11.5,1.1,2.2,10.9,26.0,,0.7,0.6,1.3,.082,,1.4,-0.7,0.6,0.5,grantje01
159,A.J. Green,SG,24,MIL,19,147,11.7,.630,.875,.021,2.4,8.5,5.6,11.3,0.0,0.0,0.0,13.9,,0.4,0.0,0.4,.129,,1.1,-2.2,-1.2,0.0,greenaj01
160,Danny Green,SG,36,PHI,2,18,0.8,.000,.500,.000,0.0,12.0,6.1,6.2,2.7,0.0,0.0,4.7,,0.0,0.0,0.0,-0.017,,-7.1,0.8,-6.3,0.0,greenda02
161,Draymond Green,PF,33,GSW,15,377,14.9,.619,.404,.288,6.1,17.4,11.7,32.3,0.8,2.6,23.5,16.9,,0.6,0.4,1.0,.124,,1.4,1.9,3.3,0.5,greendr01
162,Jalen Green,SG,21,HOU,25,775,12.4,.526,.412,.329,1.3,14.0,7.8,15.7,0.8,1.3,11.7,26.4,,-0.4,1.1,0.7,.044,,-0.9,-0.7,-1.6,0.1,greenja05
163,Jeff Green,PF,37,HOU,24,377,14.8,.700,.290,.731,5.6,9.6,7.6,6.5,0.5,2.5,12.8,16.3,,0.9,0.5,1.3,.170,,-0.1,0.4,0.3,0.2,greenje02
164,Josh Green,SG,23,DAL,18,454,8.7,.532,.578,.156,2.4,10.3,6.3,12.0,1.8,0.6,12.7,12.5,,0.1,0.3,0.4,.046,,-3.1,-0.1,-3.2,-0.1,greenjo02
165,AJ Griffin,SF,20,ATL,12,110,3.1,.430,.735,.059,1.9,10.2,6.0,4.4,0.4,0.0,10.3,14.4,,-0.1,0.0,-0.1,-0.059,,-4.2,-2.8,-7.0,-0.1,griffaj01
166,Quentin Grimes,SG,23,NYK,25,541,7.0,.522,.774,.032,1.2,5.6,3.4,6.9,1.6,0.2,7.1,13.2,,0.2,0.4,0.5,.048,,-3.1,0.0,-3.1,-0.2,grimequ01
167,Mouhamed Gueye,PF,21,ATL,2,4,-0.6,.000,1.000,.000,0.0,0.0,0.0,0.0,11.8,0.0,0.0,10.2,,0.0,0.0,0.0,-0.112,,-12.3,3.7,-8.5,0.0,gueyemo02
168,Rui Hachimura,PF,25,LAL,19,442,13.5,.573,.324,.212,4.4,12.7,8.7,7.6,1.5,1.0,7.9,19.7,,0.3,0.5,0.8,.085,,-1.5,-0.5,-2.0,0.0,hachiru01
169,Tyrese Haliburton,PG,23,IND,23,769,26.4,.647,.486,.262,2.4,11.5,6.9,48.1,1.2,1.5,12.4,26.6,,3.6,0.1,3.6,.227,,9.6,-1.3,8.3,2.0,halibty01
170,R.J. Hampton,PG,22,MIA,2,11,3.5,.750,.500,.000,0.0,21.4,10.5,0.0,0.0,0.0,33.3,12.0,,0.0,0.0,0.0,-0.033,,-6.2,-1.5,-7.7,0.0,hamptrj01
171,Tim Hardaway Jr.,SF,31,DAL,24,690,13.6,.560,.646,.173,1.4,11.9,6.6,7.8,0.6,0.0,5.3,24.3,,0.6,0.3,0.8,.059,,0.9,-3.1,-2.2,0.0,hardati02
172,James Harden,SG,34,LAC,22,741,20.4,.667,.573,.496,1.1,13.7,7.6,31.1,2.0,2.3,15.3,19.5,,2.3,1.1,3.3,.216,,4.3,1.6,6.0,1.5,hardeja01
173,Jaden Hardy,SG,21,DAL,23,303,11.0,.501,.466,.196,2.8,11.4,7.0,16.0,1.1,0.0,9.6,24.9,,-0.1,0.2,0.0,.006,,-2.2,-2.8,-5.0,-0.2,hardyja02
174,Ron Harper Jr.,PF,23,TOR,1,4,-0.1,,,,0.0,0.0,0.0,28.4,0.0,0.0,,0.0,,0.0,0.0,0.0,.107,,-11.6,3.0,-8.6,0.0,harpero02
175,Gary Harris,SG,29,ORL,21,454,10.6,.570,.719,.211,3.0,6.5,4.8,10.6,2.0,1.0,6.7,12.4,,0.5,0.6,1.1,.119,,-1.7,1.3,-0.4,0.2,harriga01
176,Joe Harris,SG,32,DET,11,132,4.3,.439,.774,.065,2.5,6.0,4.2,8.8,1.1,1.2,8.6,11.1,,-0.1,0.0,0.0,-0.016,,-5.1,-0.7,-5.8,-0.1,harrijo01
177,Tobias Harris,PF,31,PHI,27,910,14.9,.607,.250,.285,3.2,16.2,9.8,11.0,1.3,1.2,11.5,18.6,,1.2,1.2,2.4,.128,,0.1,-0.2,0.0,0.4,harrito02
178,Shaquille Harrison,SG,30,MEM,3,6,16.0,.500,.000,.000,0.0,38.1,18.3,0.0,0.0,16.0,0.0,14.2,,0.0,0.0,0.0,.098,,-0.6,5.2,4.5,0.0,harrish01
179,Josh Hart,SF,28,NYK,27,748,11.5,.558,.438,.129,4.3,19.3,11.7,13.3,1.7,0.9,13.0,12.2,,0.7,0.9,1.6,.100,,-1.3,1.4,0.1,0.4,hartjo01
180,Isaiah Hartenstein,C,25,NYK,27,555,16.5,.618,.028,.477,16.0,19.1,17.6,8.9,2.1,4.4,16.2,11.8,,1.1,0.9,1.9,.166,,-1.1,1.3,0.3,0.3,harteis01
181,Sam Hauser,SF,26,BOS,27,620,13.0,.655,.863,.055,4.4,11.8,8.3,5.6,1.2,1.2,7.0,13.9,,1.1,0.8,1.9,.144,,1.4,0.3,1.8,0.6,hausesa01
182,Jordan Hawkins,SG,21,NOP,26,632,10.0,.535,.656,.189,2.9,11.7,7.3,8.4,0.8,0.0,7.7,19.2,,0.2,0.5,0.7,.052,,-1.6,-2.0,-3.6,-0.3,hawkijo01
183,Jaxson Hayes,C,23,LAL,25,271,8.6,.661,.083,.521,5.4,13.8,9.8,3.9,1.1,3.2,20.3,11.8,,0.1,0.4,0.4,.078,,-6.2,0.7,-5.5,-0.2,hayesja02
184,Killian Hayes,PG,22,DET,25,660,11.6,.492,.276,.187,1.5,11.7,6.5,23.3,1.9,1.9,10.4,16.4,,0.1,0.4,0.5,.036,,-2.2,0.6,-1.6,0.1,hayeski01
185,Gordon Hayward,SF,33,CHO,23,743,14.6,.546,.209,.280,3.5,13.3,8.2,20.7,1.7,1.2,12.7,21.0,,0.4,0.2,0.6,.039,,-1.0,-1.0,-2.0,0.0,haywago01
186,Scoot Henderson,PG,19,POR,17,447,5.4,.452,.352,.192,3.1,8.8,5.8,25.4,0.9,0.8,20.8,25.0,,-1.2,0.3,-0.9,-0.095,,-7.0,-2.2,-9.2,-0.8,hendesc01
187,Taylor Hendricks,PF,20,UTA,9,156,9.5,.505,.596,.170,5.6,10.6,8.1,4.4,2.5,2.9,12.2,15.3,,-0.1,0.1,0.1,.021,,-3.3,-1.3,-4.6,-0.1,hendrita01
188,Tyler Herro,SG,24,MIA,10,341,18.6,.586,.385,.176,1.7,15.9,8.7,23.2,1.9,0.0,11.4,29.5,,0.2,0.4,0.6,.085,,2.8,-0.3,2.5,0.4,herroty01
189,Buddy Hield,SF,31,IND,26,668,13.5,.591,.680,.072,3.3,10.5,6.8,12.7,1.5,2.1,12.2,20.0,,0.5,0.1,0.6,.044,,1.3,-1.8,-0.6,0.2,hieldbu01
190,Haywood Highsmith,PF,27,MIA,18,390,10.2,.553,.615,.167,4.4,10.3,7.3,9.4,2.5,3.0,14.2,13.6,,0.1,0.5,0.6,.070,,-2.4,1.3,-1.1,0.1,highsha01
191,Nate Hinton,SG,24,HOU,4,16,16.9,.750,.500,.000,7.0,13.3,10.2,0.0,0.0,0.0,0.0,16.4,,0.0,0.0,0.1,.199,,3.6,-2.4,1.2,0.0,hintona01
192,D'Moi Hodge,SG,25,LAL,7,41,6.3,.441,.800,.133,0.0,0.0,0.0,16.3,1.2,2.1,5.9,17.8,,0.0,0.0,0.0,-0.006,,-3.9,-2.6,-6.5,0.0,hodgedm01
193,Aaron Holiday,PG,27,HOU,23,420,11.3,.587,.522,.112,1.9,9.1,5.6,13.8,1.3,0.7,8.5,16.0,,0.4,0.6,1.0,.113,,-1.6,0.8,-0.8,0.1,holidaa01
194,Jrue Holiday,PG,33,BOS,25,863,13.6,.554,.419,.126,5.4,15.1,10.4,18.2,1.3,2.3,14.9,16.7,,0.8,1.3,2.1,.115,,0.1,1.2,1.3,0.7,holidjr01
195,Justin Holiday,SG,34,DEN,16,260,11.2,.691,.691,.000,1.7,8.8,5.3,9.5,2.1,0.3,8.3,9.9,,0.4,0.3,0.7,.125,,-1.3,0.9,-0.4,0.1,holidju01
196,Richaun Holmes,C,30,DAL,14,140,9.9,.467,.000,.455,15.4,24.6,19.9,6.4,0.3,3.7,18.5,14.7,,0.0,0.1,0.1,.036,,-5.2,-1.5,-6.7,-0.2,holmeri01
197,Chet Holmgren,C,21,OKC,25,743,21.1,.635,.349,.318,6.7,21.9,14.8,11.4,1.3,9.0,12.6,22.0,,1.3,1.5,2.9,.184,,2.0,2.5,4.5,1.2,holmgch01
198,Jalen Hood-Schifino,SG,20,LAL,5,52,-2.6,.313,.444,.556,2.2,10.0,6.3,9.7,0.0,1.7,15.2,21.9,,-0.3,0.0,-0.2,-0.196,,-12.1,-3.8,-15.9,-0.2,hoodsja01
199,Al Horford,C,37,BOS,23,613,13.9,.601,.620,.070,7.2,21.0,14.4,13.7,0.8,3.2,13.1,11.9,,1.0,1.0,2.0,.155,,0.9,2.2,3.1,0.8,horfoal01
200,Talen Horton-Tucker,PG,23,UTA,28,641,13.5,.514,.381,.185,2.0,10.8,6.4,29.9,2.3,1.6,14.2,23.4,,0.2,0.4,0.6,.042,,-1.0,-0.5,-1.6,0.0,hortota01
201,Danuel House Jr.,SF,30,PHI,16,187,9.9,.591,.563,.292,4.2,8.1,6.2,9.6,1.3,0.5,14.2,14.2,,0.2,0.2,0.3,.089,,-1.3,-0.7,-2.0,0.0,houseda01
202,Caleb Houstan,SF,21,ORL,17,173,10.5,.626,.917,.146,3.9,12.6,8.2,5.5,0.6,0.0,5.5,13.2,,0.3,0.2,0.5,.127,,0.4,-0.6,-0.2,0.1,houstca01
203,Jett Howard,SF,20,ORL,8,34,1.1,.346,.733,.133,3.3,10.1,6.7,12.0,0.0,0.0,11.2,22.2,,-0.1,0.0,-0.1,-0.125,,-6.1,-3.5,-9.6,-0.1,howarje01
204,Kevin Huerter,SG,25,SAC,25,637,12.9,.559,.616,.093,2.5,15.8,9.0,14.8,1.4,1.1,6.4,17.5,,0.7,0.5,1.2,.090,,0.0,-0.3,-0.2,0.3,huertke01
205,Jay Huff,C,25,DEN,2,2,35.8,1.000,.000,.000,0.0,0.0,0.0,0.0,0.0,0.0,0.0,21.5,,0.0,0.0,0.0,.299,,13.9,0.7,14.6,0.0,huffja01
206,De'Andre Hunter,SF,26,ATL,24,727,12.2,.601,.430,.283,2.2,12.9,7.4,6.0,1.3,1.1,11.0,18.8,,0.7,0.2,0.9,.062,,-1.1,-1.2,-2.2,0.0,huntede01
207,Bones Hyland,PG,23,LAC,13,210,9.2,.528,.542,.104,1.1,6.6,4.0,17.0,1.6,0.0,15.9,24.6,,-0.2,0.2,0.0,-0.001,,-3.4,-1.9,-5.3,-0.2,hylanbo01
208,Joe Ingles,SF,36,ORL,24,437,12.0,.572,.628,.202,2.9,14.4,8.6,24.4,2.0,0.6,16.3,11.8,,0.5,0.7,1.2,.133,,-1.0,2.1,1.1,0.3,inglejo01
209,Brandon Ingram,SF,26,NOP,25,839,18.4,.584,.231,.299,1.8,13.7,7.7,25.8,1.0,0.6,12.1,29.0,,1.0,0.8,1.8,.101,,1.6,-1.2,0.4,0.5,ingrabr01
210,Kyrie Irving,SG,31,DAL,17,541,21.4,.580,.361,.200,2.0,11.7,6.8,26.1,1.8,0.8,6.4,28.3,,1.3,0.4,1.7,.151,,4.2,-0.5,3.7,0.8,irvinky01
211,Jonathan Isaac,PF,26,ORL,19,259,19.3,.575,.479,.323,9.2,26.5,17.8,3.4,3.2,7.1,9.1,19.7,,0.3,0.7,0.9,.176,,0.4,3.0,3.5,0.4,isaacjo01
212,Jaden Ivey,SG,21,DET,23,554,11.6,.549,.341,.346,3.5,10.4,6.9,16.4,1.4,1.5,15.3,21.7,,-0.1,0.2,0.1,.012,,-2.7,-1.3,-4.0,-0.3,iveyja01
213,Andre Jackson Jr.,SG,22,MIL,21,221,10.4,.723,.548,.048,9.4,9.9,9.7,11.1,1.3,0.0,20.4,10.3,,0.4,0.1,0.5,.117,,-1.7,-0.1,-1.8,0.0,jacksan01
214,Gregory Jackson II,PF,19,MEM,4,19,5.9,.400,.500,.000,5.5,12.0,8.7,0.0,2.5,5.1,9.1,24.7,,-0.1,0.0,0.0,-0.095,,-5.5,0.0,-5.5,0.0,jacksgg01
215,Isaiah Jackson,C,22,IND,18,266,22.9,.692,.023,.419,12.5,23.3,17.8,9.1,1.9,7.6,8.9,17.2,,0.9,0.3,1.2,.211,,0.9,1.4,2.3,0.3,jacksis01
216,Jaren Jackson Jr.,C,24,MEM,26,818,17.8,.562,.317,.397,4.9,15.4,9.9,9.4,1.1,5.6,9.0,28.4,,0.5,1.1,1.7,.099,,0.1,0.2,0.4,0.5,jacksja02
217,Reggie Jackson,PG,33,DEN,29,739,15.4,.583,.385,.134,1.6,7.8,4.7,24.8,1.3,0.8,11.5,21.9,,1.0,0.6,1.6,.106,,0.9,-1.0,0.0,0.4,jacksre01
218,Trayce Jackson-Davis,PF,23,GSW,16,161,18.1,.622,.000,.643,15.1,16.1,15.6,8.9,1.5,6.7,14.3,16.3,,0.3,0.2,0.5,.162,,-0.8,1.7,0.8,0.1,jackstr02
219,LeBron James,PF,39,LAL,26,886,24.6,.631,.326,.326,3.3,20.5,12.3,35.8,2.1,1.8,14.5,29.6,,1.8,1.4,3.2,.175,,6.3,2.1,8.4,2.3,jamesle01
220,Jaime Jaquez Jr.,SF,22,MIA,28,791,13.5,.594,.297,.204,4.3,10.6,7.4,14.1,1.7,1.0,13.1,19.5,,0.6,0.8,1.4,.083,,-1.4,-0.4,-1.9,0.0,jaqueja01
221,DaQuan Jeffries,SG,26,NYK,10,30,5.2,.427,.417,.167,0.0,18.6,9.2,9.6,0.0,0.0,7.2,19.6,,-0.1,0.0,0.0,-0.049,,-5.1,-1.9,-7.0,0.0,jeffrda01
222,Ty Jerome,SG,26,CLE,2,15,7.7,.500,.250,.000,7.5,0.0,3.7,27.3,0.0,0.0,20.0,14.4,,0.0,0.0,0.0,.035,,-4.3,-1.1,-5.4,0.0,jeromty01
223,Isaiah Joe,SG,24,OKC,25,509,14.3,.630,.781,.180,0.7,11.0,6.1,7.6,2.0,1.5,6.3,17.3,,0.7,0.7,1.4,.132,,1.7,0.6,2.3,0.6,joeis01
224,Cameron Johnson,PF,27,BRK,20,577,15.0,.576,.530,.128,5.5,13.7,9.6,12.8,1.3,0.5,8.2,19.7,,0.9,0.4,1.3,.105,,1.3,-0.8,0.5,0.4,johnsca02
225,Jalen Johnson,SF,22,ATL,15,449,17.2,.673,.280,.231,4.8,22.3,13.3,11.0,1.8,2.9,16.0,17.1,,0.7,0.4,1.0,.112,,1.3,0.8,2.1,0.5,johnsja05
226,James Johnson,PF,36,IND,3,16,10.9,.500,.000,.000,7.2,14.6,10.9,26.6,2.9,0.0,33.3,7.7,,0.0,0.0,0.0,.080,,-1.3,1.4,0.1,0.0,johnsja01
227,Keldon Johnson,SF,24,SAS,25,827,15.4,.581,.405,.257,4.1,17.5,10.6,18.5,1.4,0.8,10.3,21.2,,0.9,0.5,1.3,.078,,0.5,-0.7,-0.1,0.4,johnske04
228,Keyontae Johnson,SF,23,OKC,1,6,-6.1,.000,.000,.000,0.0,0.0,0.0,0.0,0.0,0.0,0.0,7.1,,0.0,0.0,0.0,-0.165,,-10.8,-6.2,-16.9,0.0,johnske08
229,Nikola Jokić,C,28,DEN,28,938,31.6,.610,.193,.316,10.9,29.6,20.3,45.1,1.7,2.0,10.8,31.3,,4.1,1.6,5.7,.293,,10.0,4.0,14.0,3.8,jokicni01
230,Colby Jones,SG,21,SAC,11,75,8.6,.480,.258,.097,10.0,12.2,11.1,3.8,1.3,1.2,11.0,20.5,,-0.1,0.1,0.0,-0.015,,-5.3,-2.2,-7.4,-0.1,jonesco02
231,Damian Jones,C,28,CLE,11,54,6.5,.507,.000,.250,8.3,14.2,11.3,7.0,0.9,3.3,31.1,10.3,,0.0,0.1,0.0,.012,,-6.2,-0.1,-6.3,-0.1,jonesda03
232,Derrick Jones Jr.,SF,26,DAL,26,642,13.6,.609,.576,.217,5.0,10.7,7.8,5.8,1.6,2.9,9.2,15.8,,0.8,0.5,1.3,.097,,0.3,-0.5,-0.2,0.3,jonesde02
233,Herbert Jones,SF,25,NOP,25,751,13.6,.605,.422,.362,4.3,10.6,7.4,12.0,2.6,3.5,13.5,15.1,,0.9,1.1,1.9,.122,,-1.3,1.7,0.4,0.5,joneshe01
234,Tre Jones,PG,24,SAS,22,515,12.3,.533,.307,.213,2.0,9.9,5.9,29.6,1.5,0.7,15.0,15.7,,0.4,0.2,0.6,.054,,-2.0,-0.6,-2.7,-0.1,jonestr01
235,Tyus Jones,PG,27,WAS,26,711,16.9,.601,.344,.069,0.9,11.1,6.0,27.4,2.0,0.9,7.3,16.2,,1.4,0.2,1.6,.108,,1.1,-0.2,0.9,0.5,jonesty01
236,DeAndre Jordan,C,35,DEN,11,153,14.1,.533,.000,.816,15.1,25.7,20.4,10.1,1.3,2.8,17.6,17.6,,0.0,0.2,0.3,.083,,-2.8,0.0,-2.8,0.0,jordade01
237,Cory Joseph,PG,32,GSW,12,127,6.3,.381,.645,.226,1.7,7.6,4.6,24.3,1.1,1.4,12.8,12.8,,0.0,0.1,0.0,.018,,-4.0,0.1,-3.9,-0.1,josepco01
238,Nikola Jović,PF,20,MIA,4,48,9.7,.509,.583,.333,2.4,54.0,27.7,24.8,1.0,0.0,26.7,17.3,,0.0,0.1,0.0,.044,,-4.5,4.1,-0.3,0.0,jovicni01
239,Johnny Juzang,SG,22,UTA,1,4,-11.1,.000,1.000,.000,0.0,0.0,0.0,29.7,0.0,0.0,0.0,20.8,,0.0,0.0,0.0,-0.391,,-14.2,-8.9,-23.2,0.0,juzanjo01
240,Luke Kennard,SG,27,MEM,8,172,11.4,.540,.793,.121,1.8,13.3,7.3,13.6,1.4,0.6,7.6,16.4,,0.1,0.2,0.3,.077,,-0.5,0.2,-0.3,0.1,kennalu01
241,Walker Kessler,C,22,UTA,20,507,16.7,.589,.094,.217,12.8,22.6,17.7,5.2,0.9,9.7,14.7,14.5,,0.4,0.6,1.0,.096,,-1.4,0.9,-0.6,0.2,kesslwa01
242,Braxton Key,SF,26,DEN,6,15,5.5,.255,.400,.400,0.0,21.8,11.0,38.9,0.0,0.0,0.0,16.9,,0.0,0.0,0.0,-0.001,,-6.2,0.4,-5.8,0.0,keybr01
243,Corey Kispert,SF,24,WAS,25,576,11.2,.600,.644,.240,1.9,9.5,5.7,8.8,0.8,0.6,9.8,18.6,,0.3,-0.1,0.3,.023,,-1.2,-2.6,-3.8,-0.3,kispeco01
244,Maxi Kleber,C,32,DAL,5,90,6.2,.417,.563,.625,4.8,21.0,12.8,13.1,0.5,1.0,16.4,11.5,,0.0,0.1,0.0,.015,,-3.9,-0.3,-4.2,0.0,klebima01
245,Kevin Knox,SF,24,DET,10,150,10.0,.598,.542,.104,3.6,14.4,8.9,4.8,1.6,1.1,15.2,16.6,,0.0,0.1,0.1,.018,,-2.5,-1.3,-3.8,-0.1,knoxke01
246,John Konchar,SF,27,MEM,21,374,9.9,.475,.647,.118,6.2,19.3,12.5,10.5,2.1,3.3,13.3,9.4,,0.0,0.6,0.6,.081,,-3.2,1.8,-1.4,0.1,konchjo01
247,Furkan Korkmaz,SG,26,PHI,19,130,7.0,.462,.543,.257,0.9,6.7,3.8,9.6,3.7,0.0,15.2,14.9,,-0.1,0.2,0.1,.024,,-5.3,1.9,-3.4,0.0,korkmfu01
248,Luke Kornet,C,28,BOS,17,220,19.2,.766,.000,.279,12.8,14.5,13.7,6.1,1.8,5.4,11.1,10.6,,0.7,0.4,1.1,.236,,1.4,2.6,4.0,0.3,kornelu01
249,Jonathan Kuminga,PF,21,GSW,26,548,13.7,.562,.263,.388,5.8,13.0,9.3,7.2,1.5,1.3,10.8,24.0,,0.2,0.5,0.7,.064,,-1.6,-0.7,-2.3,-0.1,kuminjo01
250,Kyle Kuzma,PF,28,WAS,26,808,17.6,.561,.344,.191,2.9,18.2,10.6,21.7,0.5,1.7,10.5,31.3,,0.1,0.1,0.3,.016,,1.5,-2.4,-0.8,0.2,kuzmaky01
251,Jock Landale,C,28,HOU,16,136,7.0,.437,.357,.143,9.8,12.5,11.2,7.7,1.8,2.1,21.2,12.1,,-0.1,0.2,0.1,.039,,-5.1,0.5,-4.6,-0.1,landajo01
252,Jake LaRavia,PF,22,MEM,8,99,2.0,.395,.625,.063,5.3,6.9,6.1,7.3,0.5,0.0,10.8,15.9,,-0.2,0.1,-0.1,-0.062,,-8.4,-2.0,-10.5,-0.2,laravja01
253,Zach LaVine,SG,28,CHI,18,635,15.6,.566,.430,.275,1.0,15.1,7.7,15.3,1.3,0.7,9.7,25.5,,0.5,0.5,1.0,.073,,0.9,-0.8,0.1,0.3,lavinza01
254,A.J. Lawson,SG,23,DAL,10,68,9.1,.506,.571,.214,4.7,4.9,4.8,6.2,0.0,1.3,6.1,20.4,,0.0,0.0,0.0,-0.001,,-2.6,-3.9,-6.5,-0.1,lawsoaj01
255,Saben Lee,PG,24,PHO,4,11,41.1,.635,.143,.286,21.6,9.8,15.5,57.8,0.0,7.7,0.0,30.9,,0.1,0.0,0.1,.454,,12.6,1.9,14.5,0.0,leesa01
256,Alex Len,C,30,SAC,6,41,24.4,.677,.125,.875,18.3,25.2,21.6,16.6,1.2,10.6,15.3,13.5,,0.1,0.1,0.2,.235,,3.8,3.2,7.0,0.1,lenal01
257,Kawhi Leonard,SF,32,LAC,27,932,23.4,.631,.314,.261,3.6,15.0,9.5,16.3,2.2,1.7,7.1,26.1,,2.7,1.3,4.1,.211,,5.0,0.9,5.9,1.9,leonaka01
258,Caris LeVert,SG,29,CLE,21,623,13.9,.518,.403,.240,2.0,11.9,7.0,18.5,1.8,1.3,9.0,23.9,,0.2,0.7,0.9,.070,,-1.1,0.1,-1.1,0.1,leverca01
259,Kira Lewis Jr.,PG,22,NOP,13,131,6.6,.392,.362,.191,2.5,6.7,4.6,17.9,1.8,0.7,10.5,18.5,,-0.2,0.1,-0.1,-0.027,,-5.7,-0.8,-6.5,-0.2,lewiski01
260,Maxwell Lewis,SF,21,LAL,12,53,-3.9,.167,.333,.000,2.1,3.9,3.1,6.6,1.8,0.0,35.7,11.4,,-0.2,0.0,-0.2,-0.172,,-10.2,-2.3,-12.5,-0.1,lewisma05
261,E.J. Liddell,PF,23,NOP,3,9,4.0,.410,.750,.500,0.0,24.3,12.1,0.0,0.0,10.8,17.0,27.7,,0.0,0.0,0.0,-0.141,,-9.0,0.0,-9.0,0.0,liddeej01
262,Damian Lillard,PG,33,MIL,25,884,22.3,.624,.503,.480,1.8,11.6,6.9,27.7,1.5,0.5,11.4,28.4,,2.9,0.7,3.5,.192,,4.8,-1.2,3.6,1.3,lillada01
263,Nassir Little,PF,23,PHO,20,324,12.1,.630,.571,.234,5.1,13.3,9.4,6.9,1.4,2.1,9.6,12.5,,0.4,0.3,0.7,.110,,-0.9,-0.6,-1.5,0.0,littlna01
264,Dereck Lively II,C,19,DAL,23,582,17.4,.728,.016,.227,12.2,21.4,16.7,6.1,1.2,5.3,16.6,12.3,,1.3,0.7,2.0,.163,,-0.9,0.3,-0.6,0.2,livelde01
265,Isaiah Livers,PF,25,DET,13,266,3.4,.393,.662,.149,2.4,9.4,5.8,7.3,1.4,0.6,11.3,14.0,,-0.4,0.1,-0.4,-0.064,,-6.3,-1.7,-8.0,-0.4,liveris01
266,Chris Livingston,SF,20,MIL,5,21,14.4,.875,.250,.000,5.5,19.9,13.1,6.1,2.2,0.0,20.0,10.0,,0.0,0.0,0.1,.148,,0.9,0.6,1.5,0.0,livinch01
267,Kenneth Lofton Jr.,PF,21,MEM,15,99,8.6,.447,.270,.405,2.1,15.0,8.3,21.3,1.5,2.9,12.1,21.3,,-0.1,0.1,0.0,-0.006,,-5.3,0.5,-4.8,-0.1,loftoke01
268,Kevon Looney,C,27,GSW,27,588,15.0,.587,.000,.303,12.7,26.2,19.4,16.4,1.6,1.2,15.7,10.4,,1.1,0.8,1.9,.158,,-0.2,2.0,1.8,0.6,looneke01
269,Brook Lopez,C,35,MIL,27,829,16.1,.606,.513,.203,5.7,11.2,8.6,6.0,1.1,8.1,7.5,16.2,,1.2,1.0,2.3,.131,,0.4,1.4,1.8,0.8,lopezbr01
270,Robin Lopez,C,35,MIL,7,21,4.6,.512,.750,.500,0.0,5.0,2.6,10.8,0.0,3.8,17.0,11.8,,0.0,0.0,0.0,.017,,-5.4,-0.7,-6.1,0.0,lopezro01
271,Kevin Love,PF,35,MIA,21,404,18.5,.601,.740,.260,5.3,36.8,20.8,19.2,1.1,0.5,7.7,19.8,,0.9,0.6,1.5,.175,,3.5,0.7,4.2,0.6,loveke01
272,Kyle Lowry,PG,37,MIA,26,764,12.6,.628,.687,.192,2.8,12.3,7.5,19.3,1.9,1.0,14.7,13.4,,1.1,0.8,1.9,.119,,-0.7,0.9,0.3,0.4,lowryky01
273,Seth Lundy,SF,23,ATL,2,10,0.3,.500,.500,.000,0.0,11.3,5.5,0.0,0.0,0.0,0.0,8.2,,0.0,0.0,0.0,-0.007,,-9.8,-2.5,-12.3,0.0,lundyse01
274,Trey Lyles,PF,28,SAC,13,260,10.4,.548,.761,.268,5.0,26.0,15.1,9.5,0.2,1.7,10.2,14.4,,0.2,0.2,0.4,.067,,-1.4,-0.8,-2.3,0.0,lylestr01
275,Théo Maledon,PG,22,CHO,13,200,4.1,.379,.455,.182,2.1,11.0,6.4,18.0,1.7,0.0,17.4,18.5,,-0.5,0.0,-0.5,-0.113,,-7.8,-2.1,-9.8,-0.4,maledth01
276,Sandro Mamukelashvili,C,24,SAS,11,84,11.8,.488,.600,.240,8.8,19.8,14.1,20.6,1.7,3.2,17.8,16.7,,0.0,0.1,0.1,.039,,-2.8,0.6,-2.1,0.0,mamuksa01
277,Terance Mann,SG,27,LAC,21,559,8.7,.505,.462,.169,4.8,9.7,7.3,9.8,1.2,1.3,9.1,11.9,,0.3,0.6,0.8,.070,,-2.8,0.2,-2.6,-0.1,mannte01
278,Tre Mann,PG,22,OKC,9,92,13.1,.586,.406,.031,3.8,15.8,10.1,20.9,1.6,0.0,19.8,18.9,,0.0,0.1,0.1,.072,,-0.8,-0.6,-1.5,0.0,manntr01
279,Boban Marjanović,C,35,HOU,3,20,21.9,.530,.111,.111,11.1,31.8,21.7,25.6,0.0,4.7,0.0,20.6,,0.0,0.0,0.1,.209,,1.6,1.9,3.5,0.0,marjabo01
280,Lauri Markkanen,PF,26,UTA,19,629,21.4,.626,.500,.319,6.9,21.6,14.2,6.3,1.3,2.0,6.4,25.0,,1.7,0.5,2.1,.162,,4.6,-1.5,3.2,0.8,markkla01
281,Naji Marshall,SF,26,NOP,19,380,15.0,.602,.478,.322,6.0,17.0,11.4,16.3,1.9,1.3,14.9,17.2,,0.5,0.5,1.0,.123,,0.4,0.2,0.5,0.2,marshna01
282,Caleb Martin,SF,28,MIA,18,485,11.8,.525,.339,.186,5.4,15.8,10.5,12.9,1.5,0.8,11.2,20.3,,0.0,0.5,0.5,.045,,-2.3,-1.1,-3.4,-0.2,martica02
283,KJ Martin,SF,23,TOT,16,112,9.1,.492,.214,.286,5.1,10.6,7.9,10.3,3.5,0.8,13.7,13.9,,0.0,0.2,0.2,.069,,-5.3,1.8,-3.5,0.0,martike04
283,KJ Martin,SF,23,LAC,2,31,7.0,.460,.500,.200,3.7,6.9,5.4,4.3,3.2,2.9,15.5,18.0,,-0.1,0.0,0.0,-0.018,,-7.0,0.5,-6.6,0.0,martike04
283,KJ Martin,SF,23,PHI,14,81,10.0,.509,.056,.333,5.6,12.0,8.9,12.6,3.6,0.0,12.7,12.3,,0.0,0.1,0.2,.102,,-4.6,2.3,-2.3,0.0,martike04
284,Garrison Mathews,SG,27,ATL,15,164,6.7,.694,1.000,.031,2.0,8.9,5.3,1.5,1.4,1.1,15.6,9.6,,0.1,0.0,0.1,.036,,-3.0,-0.9,-3.9,-0.1,mathega01
285,Bennedict Mathurin,SF,21,IND,26,664,13.4,.564,.310,.297,5.0,12.1,8.5,10.3,1.1,0.6,10.4,22.5,,0.6,0.0,0.6,.042,,-0.7,-3.0,-3.8,-0.3,mathube01
286,Wesley Matthews,SG,37,ATL,16,192,5.4,.431,.763,.500,2.2,11.7,6.8,6.6,2.2,0.9,9.7,10.9,,-0.1,0.1,0.0,.006,,-5.4,0.1,-5.3,-0.2,matthwe02
287,Tyrese Maxey,PG,23,PHI,26,962,21.6,.600,.427,.280,1.8,9.6,5.7,27.5,1.1,1.3,6.6,26.5,,3.2,1.0,4.2,.210,,5.6,-0.7,5.0,1.7,maxeyty01
288,Skylar Mays,PG,26,POR,15,290,13.2,.488,.387,.123,1.8,8.3,4.9,35.3,2.0,0.6,11.8,18.5,,0.2,0.2,0.4,.072,,-1.1,-0.4,-1.4,0.0,mayssk01
289,Miles McBride,PG,23,NYK,17,81,15.7,.632,.654,.077,1.4,4.1,2.7,14.1,3.7,0.0,0.0,14.0,,0.2,0.1,0.3,.191,,-0.2,3.2,3.1,0.1,mcbrimi01
290,CJ McCollum,PG,32,NOP,15,497,19.8,.599,.481,.196,2.2,10.8,6.4,23.7,2.0,2.4,7.6,23.6,,1.1,0.6,1.7,.163,,4.1,0.7,4.8,0.9,mccolcj01
291,T.J. McConnell,PG,31,IND,20,317,20.3,.546,.074,.162,4.3,16.6,10.4,41.0,2.9,0.7,13.6,21.8,,0.7,0.2,0.9,.130,,2.1,0.0,2.2,0.3,mccontj01
292,Jaden McDaniels,SF,23,MIN,16,397,10.8,.631,.325,.071,3.6,6.8,5.3,6.3,1.0,1.7,11.0,16.0,,0.3,0.6,0.9,.109,,-2.4,0.7,-1.6,0.0,mcdanja02
293,Jalen McDaniels,SF,26,TOR,16,141,2.0,.321,.490,.041,3.0,11.1,7.0,8.1,1.7,1.8,10.7,16.8,,-0.4,0.1,-0.3,-0.091,,-8.4,-0.6,-9.0,-0.2,mcdanja01
294,Doug McDermott,SF,32,SAS,24,395,10.1,.623,.767,.086,1.1,7.0,4.0,13.5,0.9,0.4,10.4,14.2,,0.4,0.1,0.4,.052,,-1.0,-1.2,-2.3,0.0,mcderdo01
295,JaVale McGee,C,36,SAC,23,200,19.0,.663,.014,.310,14.0,26.4,20.0,7.8,1.2,6.5,22.2,22.0,,0.1,0.3,0.4,.090,,-1.7,0.5,-1.2,0.0,mcgeeja01
296,Bryce McGowens,SG,21,CHO,21,367,8.1,.600,.543,.321,1.8,10.4,5.9,6.0,1.1,0.7,12.3,12.3,,0.2,0.0,0.2,.022,,-3.8,-1.3,-5.1,-0.3,mcgowbr01
297,Jordan McLaughlin,PG,27,MIN,9,35,16.1,.680,.600,.400,0.0,0.0,0.0,28.5,1.4,7.3,0.0,7.3,,0.1,0.1,0.2,.251,,4.6,5.2,9.8,0.1,mclaujo01
298,De'Anthony Melton,SG,25,PHI,27,777,13.3,.541,.571,.245,3.2,11.9,7.6,15.5,2.6,1.6,10.2,17.4,,0.7,1.2,1.9,.119,,-0.5,1.3,0.8,0.6,meltode01
299,Nathan Mensah,C,25,CHO,3,49,6.9,.581,.000,.333,13.1,26.0,19.3,2.5,1.0,0.0,30.4,8.7,,0.0,0.0,0.0,.025,,-7.4,-2.1,-9.5,-0.1,mensana01
300,Sam Merrill,SG,27,CLE,15,164,16.7,.664,.884,.058,3.4,10.0,6.8,12.6,1.2,0.5,6.6,20.0,,0.4,0.1,0.6,.165,,3.9,-0.7,3.2,0.2,merrisa01
301,Chimezie Metu,C,26,PHO,17,182,12.2,.602,.462,.231,3.9,15.4,10.0,5.6,2.2,2.3,12.3,15.5,,0.1,0.2,0.3,.085,,-2.6,0.2,-2.5,0.0,metuch01
302,Vasilije Micić,PG,30,OKC,10,122,5.5,.444,.600,.200,0.0,4.2,2.2,27.0,0.8,0.8,25.2,15.3,,-0.2,0.1,-0.1,-0.027,,-4.9,-3.1,-8.0,-0.2,micicva01
303,Khris Middleton,SF,32,MIL,22,508,16.6,.569,.369,.189,3.6,18.5,11.4,25.5,1.7,0.2,14.3,24.4,,0.5,0.5,1.0,.097,,0.2,-0.3,-0.1,0.2,middlkh01
304,Brandon Miller,SF,21,CHO,24,774,10.8,.535,.389,.152,3.0,11.5,7.1,10.0,1.0,1.5,10.6,20.9,,-0.1,0.0,-0.1,-0.005,,-2.3,-2.1,-4.4,-0.5,millebr02
305,Jordan Miller,SF,24,LAC,3,12,7.1,.833,.333,.000,0.0,8.9,4.6,0.0,0.0,0.0,25.0,14.4,,0.0,0.0,0.0,.031,,-4.3,-2.6,-6.9,0.0,millejo02
306,Leonard Miller,SF,20,MIN,3,6,20.6,.500,.000,.000,0.0,100.0,55.7,24.1,0.0,0.0,0.0,14.5,,0.0,0.0,0.0,.271,,-3.7,8.0,4.2,0.0,millele01
307,Dariq Whitehead,SF,19,BRK,1,3,19.3,.568,,,0.0,0.0,0.0,0.0,0.0,29.4,0.0,12.4,,0.0,0.0,0.0,.154,,4.1,7.2,11.3,0.0,whiteda01
308,Patty Mills,PG,35,ATL,4,35,5.1,.450,.700,.000,0.0,12.9,6.3,13.7,1.4,2.5,16.7,14.0,,0.0,0.0,0.0,-0.025,,-4.4,0.3,-4.1,0.0,millspa02
309,Shake Milton,SG,27,MIN,25,383,7.9,.490,.366,.350,1.6,9.8,6.0,13.4,1.8,0.7,14.5,18.8,,-0.3,0.6,0.3,.043,,-5.5,0.9,-4.6,-0.3,miltosh01
310,Justin Minaya,SF,24,POR,6,38,6.0,.509,.667,.333,11.2,3.2,7.4,0.0,0.0,2.3,12.7,8.8,,0.0,0.0,0.0,.028,,-2.6,-3.0,-5.6,0.0,minayju01
311,Josh Minott,SF,21,MIN,11,27,20.0,.601,.357,.429,4.4,7.7,6.2,6.6,0.0,3.1,0.0,26.8,,0.1,0.0,0.1,.191,,-0.1,-0.1,-0.2,0.0,minotjo01
312,Davion Mitchell,PG,25,SAC,20,282,5.9,.450,.543,.160,0.8,6.9,3.7,19.5,0.8,0.6,13.0,15.0,,-0.1,0.1,0.0,-0.003,,-4.8,-1.3,-6.1,-0.3,mitchda01
313,Donovan Mitchell,SG,27,CLE,22,803,22.0,.579,.415,.284,3.4,13.5,8.5,25.0,2.4,1.1,9.9,31.5,,1.5,1.1,2.6,.155,,4.5,1.0,5.5,1.5,mitchdo01
314,Evan Mobley,PF,22,CLE,21,705,18.3,.607,.040,.262,8.9,25.4,17.3,13.0,1.2,4.4,14.8,19.9,,0.8,1.2,2.0,.138,,-0.5,1.7,1.2,0.6,mobleev01
315,Isaiah Mobley,PF,24,CLE,2,10,8.1,.333,.333,.000,0.0,21.9,11.1,39.1,4.9,0.0,25.0,17.3,,0.0,0.0,0.0,-0.004,,-7.7,4.6,-3.1,0.0,mobleis01
316,Malik Monk,SG,25,SAC,26,656,16.2,.596,.580,.236,2.0,9.6,5.7,29.7,1.2,1.6,15.4,24.3,,0.9,0.4,1.3,.097,,3.0,-1.3,1.6,0.6,monkma01
317,Moses Moody,SG,21,GSW,27,508,14.2,.587,.480,.251,7.3,12.1,9.6,7.5,1.8,1.2,8.9,17.5,,0.7,0.5,1.2,.111,,0.5,0.0,0.5,0.3,moodymo01
318,Xavier Moon,SG,29,LAC,2,12,7.0,.500,.500,.000,0.0,17.8,9.2,31.2,0.0,0.0,33.3,10.8,,0.0,0.0,0.0,.034,,-3.8,1.2,-2.6,0.0,moonxa01
319,Wendell Moore Jr.,SG,22,MIN,6,14,1.7,.333,.667,.000,0.0,7.4,4.0,9.1,3.5,0.0,25.0,12.4,,0.0,0.0,0.0,-0.049,,-9.0,1.6,-7.3,0.0,moorewe01
320,Ja Morant,PG,24,MEM,1,35,28.9,.581,.208,.500,9.0,9.8,9.4,49.4,2.8,2.7,14.6,41.7,,0.1,0.1,0.1,.148,,5.9,1.6,7.5,0.1,moranja01
321,Marcus Morris,PF,34,PHI,19,261,13.5,.640,.446,.060,3.0,17.0,10.2,6.3,1.3,2.3,6.6,14.7,,0.4,0.4,0.8,.146,,0.3,0.4,0.6,0.2,morrima03
322,Markieff Morris,PF,34,DAL,11,114,6.4,.434,.605,.000,3.8,17.6,10.5,11.3,1.7,0.8,15.6,16.8,,-0.2,0.1,-0.1,-0.031,,-4.4,-1.4,-5.7,-0.1,morrima02
323,Trey Murphy III,SF,23,NOP,8,202,18.4,.651,.600,.325,0.5,15.7,8.1,10.1,1.0,1.4,3.2,19.8,,0.5,0.2,0.7,.178,,3.5,-0.8,2.7,0.2,murphtr02
324,Dejounte Murray,SG,27,ATL,27,927,16.8,.550,.357,.173,2.4,11.7,6.9,22.6,2.0,0.9,10.2,24.1,,1.2,0.4,1.6,.084,,1.4,-0.9,0.6,0.6,murrade01
325,Jamal Murray,PG,26,DEN,15,435,18.4,.571,.360,.169,1.5,11.0,6.3,28.8,1.0,2.3,10.7,26.8,,0.7,0.4,1.1,.122,,3.4,-0.5,2.9,0.5,murraja01
326,Keegan Murray,SF,23,SAC,22,705,14.0,.574,.542,.151,4.9,14.3,9.4,7.9,1.8,1.0,6.5,19.5,,0.7,0.6,1.4,.092,,-0.2,-1.0,-1.2,0.1,murrake02
327,Kris Murray,SF,23,POR,13,144,10.0,.446,.649,.135,5.9,12.5,9.0,6.7,3.4,1.2,2.5,11.8,,0.0,0.2,0.2,.075,,-3.0,1.6,-1.4,0.0,murrakr01
328,Mike Muscala,C,32,WAS,14,180,8.2,.543,.590,.410,4.8,15.8,10.3,8.7,0.8,2.2,17.8,13.1,,0.0,0.0,0.0,.007,,-4.2,-1.0,-5.2,-0.1,muscami01
329,Svi Mykhailiuk,SF,26,BOS,11,83,3.0,.360,.800,.000,4.1,7.5,5.8,6.0,2.4,0.0,13.8,15.1,,-0.2,0.1,-0.1,-0.045,,-7.8,-0.9,-8.7,-0.1,mykhasv01
330,Larry Nance Jr.,C,31,NOP,14,211,9.7,.538,.262,.190,9.2,20.7,14.9,6.1,2.0,1.8,22.2,11.8,,-0.1,0.3,0.3,.057,,-3.8,0.9,-3.0,-0.1,nancela02
331,Andrew Nembhard,PG,24,IND,17,308,11.7,.504,.325,.079,3.4,7.6,5.5,27.3,2.2,0.2,15.7,18.6,,0.1,0.1,0.2,.026,,-2.3,-1.3,-3.6,-0.1,nembhan01
332,Aaron Nesmith,SF,24,IND,24,589,14.5,.682,.532,.234,4.3,10.1,7.2,4.9,1.7,2.0,7.2,15.5,,1.2,0.1,1.3,.109,,0.8,-1.0,-0.2,0.3,nesmiaa01
333,Georges Niang,PF,30,CLE,28,625,7.5,.517,.601,.072,2.0,15.7,9.0,7.2,0.7,0.3,8.9,16.3,,-0.1,0.6,0.5,.037,,-3.8,-0.6,-4.4,-0.4,niangge01
334,Daishen Nix,PG,21,MIN,6,21,6.8,.450,.625,.250,0.0,5.0,2.7,0.0,2.3,0.0,0.0,18.4,,0.0,0.0,0.0,.006,,-5.0,0.2,-4.8,0.0,nixda01
335,Zeke Nnaji,PF,23,DEN,23,247,13.8,.565,.167,.530,13.8,11.9,12.9,6.7,1.0,5.2,14.7,16.6,,0.2,0.3,0.6,.108,,-2.5,-0.5,-3.0,-0.1,nnajize01
336,Jaylen Nowell,SG,24,MEM,9,156,6.9,.453,.418,.055,2.0,8.1,4.9,15.4,0.9,0.0,8.2,16.7,,-0.1,0.1,0.0,-0.001,,-5.9,-1.7,-7.5,-0.2,nowelja01
337,Markquis Nowell,SG,24,TOR,1,4,56.1,.532,.000,2.000,53.3,0.0,27.3,56.9,12.2,0.0,0.0,19.9,,0.0,0.0,0.1,.682,,29.1,14.7,43.8,0.0,nowelma01
338,Jusuf Nurkić,C,29,PHO,27,769,17.3,.540,.245,.372,12.4,27.7,20.4,20.0,1.8,3.5,15.6,20.2,,0.7,1.3,2.0,.124,,-0.7,1.2,0.5,0.5,nurkiju01
339,Jordan Nwora,SF,25,IND,10,118,14.4,.575,.429,.125,6.8,14.9,10.8,12.1,2.0,0.6,14.5,23.9,,0.0,0.0,0.1,.028,,-0.6,-3.0,-3.6,0.0,nworajo01
340,Royce O'Neale,SF,30,BRK,26,719,10.6,.542,.842,.066,2.9,15.7,9.3,14.9,1.4,2.6,11.7,12.6,,0.6,0.7,1.3,.084,,-1.0,1.4,0.4,0.4,onealro01
341,Chuma Okeke,SF,25,ORL,13,61,9.3,.500,.667,.000,5.6,20.6,13.1,8.8,1.6,0.0,14.3,14.6,,0.0,0.1,0.1,.051,,-1.5,0.2,-1.3,0.0,okekech01
342,Josh Okogie,SG,25,PHO,23,491,12.0,.558,.472,.556,9.2,8.8,9.0,7.4,2.2,2.1,12.4,13.5,,0.5,0.5,1.0,.095,,-1.5,0.1,-1.4,0.1,okogijo01
343,Onyeka Okongwu,C,23,ATL,27,663,16.5,.665,.219,.355,10.5,20.4,15.3,7.6,0.8,3.0,9.3,13.3,,1.8,0.3,2.1,.151,,0.5,-0.6,-0.1,0.3,okongon01
344,Isaac Okoro,SF,23,CLE,19,466,11.4,.571,.390,.305,6.7,9.4,8.1,10.5,1.8,1.5,10.5,12.3,,0.5,0.5,1.0,.107,,-1.9,1.2,-0.7,0.1,okorois01
345,Kelly Olynyk,C,32,UTA,26,561,15.5,.663,.374,.333,7.7,21.0,14.3,27.8,1.7,1.1,24.6,13.9,,1.0,0.4,1.5,.124,,0.2,1.2,1.4,0.5,olynyke01
346,Eugene Omoruyi,SF,26,WAS,15,86,25.5,.687,.310,.405,11.3,19.0,15.2,15.0,3.2,0.9,13.9,28.1,,0.2,0.1,0.3,.169,,3.9,0.1,4.0,0.1,omorueu01
347,Cedi Osman,SF,28,SAS,26,501,12.0,.592,.534,.159,2.3,11.5,6.8,13.0,0.9,0.9,7.8,17.0,,0.5,0.2,0.6,.060,,-0.9,-1.0,-2.0,0.0,osmande01
348,Kelly Oubre Jr.,SF,28,PHI,16,407,15.0,.583,.424,.242,5.0,13.1,9.1,3.5,2.3,0.9,6.2,20.1,,0.5,0.6,1.1,.128,,-0.2,-0.2,-0.4,0.2,oubreke01
349,Chris Paul,PG,38,GSW,24,659,14.1,.509,.460,.176,1.3,13.4,7.3,37.5,2.2,0.1,13.0,14.6,,1.1,0.7,1.8,.133,,-0.4,1.1,0.7,0.4,paulch01
350,Cameron Payne,PG,29,MIL,27,445,10.2,.588,.562,.124,0.3,7.3,3.9,18.8,1.1,0.4,13.7,15.9,,0.5,0.2,0.7,.072,,-2.5,-1.1,-3.6,-0.2,payneca01
351,Gary Payton II,SG,31,GSW,14,242,12.5,.554,.394,.127,6.5,12.9,9.7,7.6,3.4,1.5,10.7,14.5,,0.1,0.4,0.5,.098,,-2.0,2.5,0.5,0.2,paytoga02
352,Filip Petrušev,C,23,TOT,3,10,5.1,.521,.000,1.000,0.0,10.8,5.5,0.0,0.0,0.0,0.0,12.2,,0.0,0.0,0.0,.025,,-4.7,-3.5,-8.2,0.0,petrufi01
352,Filip Petrušev,C,23,PHI,1,3,4.1,,,,0.0,36.1,18.4,0.0,0.0,0.0,,0.0,,0.0,0.0,0.0,.071,,-2.7,-2.3,-5.0,0.0,petrufi01
352,Filip Petrušev,C,23,SAC,2,7,5.5,.521,.000,1.000,0.0,0.0,0.0,0.0,0.0,0.0,0.0,17.4,,0.0,0.0,0.0,.006,,-5.5,-4.0,-9.6,0.0,petrufi01
353,Julian Phillips,SF,20,CHI,16,70,1.0,.293,.471,.235,3.0,13.3,7.9,11.2,0.7,0.0,9.6,13.0,,-0.2,0.0,-0.1,-0.083,,-9.4,-1.7,-11.0,-0.2,phillju01
354,Jalen Pickett,SG,24,DEN,12,77,10.2,.640,.714,.095,1.4,12.8,7.1,13.1,1.9,0.0,21.5,15.6,,0.0,0.1,0.1,.063,,-1.9,-0.2,-2.0,0.0,pickeja02
355,Mason Plumlee,C,33,LAC,6,102,13.6,.596,.000,.737,9.1,26.1,17.9,7.7,1.9,0.9,16.6,12.8,,0.1,0.2,0.3,.118,,-1.3,0.8,-0.5,0.0,plumlma01
356,Brandin Podziemski,SG,20,GSW,21,451,12.9,.550,.403,.154,7.0,17.7,12.3,17.1,1.8,0.8,15.4,17.4,,0.3,0.5,0.8,.083,,-0.5,0.7,0.2,0.2,podzibr01
357,Jakob Poeltl,C,28,TOR,27,702,18.6,.707,.000,.309,11.4,22.9,17.0,12.5,1.3,3.8,17.9,14.9,,1.3,1.0,2.3,.156,,-0.3,1.5,1.2,0.6,poeltja01
358,Aleksej Pokusevski,PF,22,OKC,7,43,-0.3,.253,.727,.182,5.4,14.5,10.2,13.6,0.0,2.2,20.2,14.8,,-0.1,0.0,-0.1,-0.114,,-9.4,-2.2,-11.6,-0.1,pokusal01
359,Jordan Poole,SG,24,WAS,25,734,10.8,.528,.427,.216,1.3,7.9,4.6,17.1,1.6,0.9,14.7,27.6,,-1.0,0.1,-0.9,-0.060,,-3.7,-2.8,-6.6,-0.9,poolejo01
360,Craig Porter Jr.,PG,23,CLE,17,249,17.4,.567,.122,.311,3.2,12.3,7.8,27.1,2.0,3.2,12.8,20.4,,0.3,0.3,0.7,.131,,0.2,1.7,1.9,0.2,portecr01
361,Michael Porter Jr.,SF,25,DEN,29,904,15.4,.580,.526,.103,5.6,21.9,13.8,6.7,0.8,1.9,7.5,21.0,,0.9,1.1,2.0,.107,,1.1,-1.3,-0.2,0.4,portemi01
362,Otto Porter Jr.,SF,30,TOR,11,130,8.2,.530,.731,.038,4.9,15.4,10.1,2.9,1.5,2.6,7.0,9.3,,0.0,0.1,0.2,.071,,-3.8,0.4,-3.4,0.0,porteot01
363,Bobby Portis,PF,28,MIL,27,646,16.8,.586,.280,.153,7.7,22.3,15.4,6.8,1.5,1.6,7.8,20.8,,0.9,0.8,1.6,.122,,-0.6,-0.8,-1.4,0.1,portibo01
364,Kristaps Porziņģis,C,28,BOS,20,604,21.5,.659,.413,.455,5.6,18.4,12.3,8.4,1.2,5.4,10.5,23.2,,1.6,1.1,2.7,.212,,2.6,2.1,4.7,1.0,porzikr01
365,Micah Potter,PF,25,UTA,2,7,1.8,.000,1.000,.000,0.0,63.0,31.3,0.0,0.0,0.0,0.0,5.9,,0.0,0.0,0.0,-0.064,,-8.5,-3.8,-12.4,0.0,pottemi01
366,Dwight Powell,C,32,DAL,24,355,15.4,.781,.022,1.089,10.6,13.2,11.9,10.9,1.2,2.2,13.1,9.2,,1.2,0.3,1.5,.197,,-0.2,0.5,0.3,0.2,poweldw01
367,Norman Powell,SG,30,LAC,27,685,14.6,.654,.461,.294,0.7,8.6,4.8,6.0,1.2,1.6,8.6,19.1,,1.2,0.7,1.9,.131,,0.4,-0.2,0.2,0.4,powelno01
368,Joshua Primo,SG,21,LAC,1,5,-15.3,.500,.500,.000,0.0,0.0,0.0,0.0,0.0,18.0,60.0,43.2,,-0.1,0.0,-0.1,-0.785,,-20.5,-8.4,-28.9,0.0,primojo01
369,Taurean Prince,PF,29,LAL,26,796,8.4,.565,.642,.102,1.1,8.1,4.8,7.7,1.2,1.3,9.3,13.4,,0.1,0.8,0.9,.054,,-2.9,-0.1,-3.0,-0.2,princta02
370,Payton Pritchard,PG,26,BOS,27,552,13.0,.562,.669,.110,4.7,11.6,8.3,18.8,1.0,0.5,8.1,14.5,,1.0,0.6,1.6,.142,,0.4,0.5,0.9,0.4,pritcpa01
371,Olivier-Maxence Prosper,PF,21,DAL,17,143,9.2,.462,.629,.400,5.3,17.9,11.5,11.2,0.3,0.6,2.4,12.5,,0.1,0.1,0.2,.065,,-2.5,-1.6,-4.1,-0.1,prospol01
372,Neemias Queta,C,24,BOS,7,105,15.4,.512,.000,.161,21.5,20.6,21.0,2.6,1.9,2.6,10.8,15.3,,0.1,0.2,0.3,.152,,-2.8,-1.7,-4.5,-0.1,quetane01
373,Immanuel Quickley,SG,24,NYK,26,623,17.1,.583,.475,.279,0.9,12.4,6.6,17.0,1.2,0.5,7.5,24.5,,1.3,0.5,1.8,.139,,2.3,-0.2,2.1,0.6,quickim01
374,Lester Quinones,SG,23,GSW,2,9,-3.1,.417,.667,.000,0.0,0.0,0.0,0.0,0.0,0.0,14.3,32.4,,0.0,0.0,0.0,-0.262,,-10.1,-6.8,-16.9,0.0,quinole01
375,Julius Randle,PF,29,NYK,27,953,18.2,.552,.290,.342,6.4,23.6,14.9,23.4,0.8,0.6,13.4,28.5,,1.1,1.0,2.1,.104,,1.5,-0.3,1.2,0.8,randlju01
376,Duop Reath,C,27,POR,17,254,16.4,.565,.616,.188,7.5,13.7,10.4,12.6,2.1,1.7,8.3,22.0,,0.4,0.3,0.6,.122,,1.2,0.2,1.4,0.2,reathdu01
377,Austin Reaves,SG,25,LAL,28,826,15.8,.604,.424,.299,3.4,13.0,8.4,24.1,1.5,0.3,16.2,21.9,,0.8,0.9,1.8,.102,,0.8,-0.4,0.4,0.5,reaveau01
378,Cam Reddish,SF,24,LAL,23,559,9.7,.522,.458,.236,2.8,9.3,6.2,7.0,2.9,1.1,8.6,13.4,,0.0,0.8,0.8,.071,,-3.8,1.8,-2.0,0.0,reddica01
379,Paul Reed,C,24,PHI,27,371,16.0,.619,.108,.157,14.6,20.5,17.6,11.0,1.8,3.8,19.3,15.3,,0.5,0.7,1.2,.154,,-1.2,1.0,-0.2,0.2,reedpa01
380,Naz Reid,C,24,MIN,26,583,17.5,.622,.485,.153,5.9,15.7,11.2,6.5,1.5,2.2,10.0,23.1,,0.8,1.1,1.9,.154,,1.6,0.9,2.5,0.7,reidna01
381,Jared Rhoden,SG,24,DET,5,30,11.0,.658,.444,.222,3.6,11.3,7.4,14.5,0.0,0.0,16.8,16.6,,0.0,0.0,0.0,.054,,-2.7,-0.8,-3.5,0.0,rhodeja01
382,Nick Richards,C,26,CHO,20,422,18.0,.754,.000,.573,10.9,24.2,17.3,3.6,0.8,5.1,14.6,13.3,,1.1,0.3,1.3,.151,,-1.0,-0.4,-1.4,0.1,richani01
383,Josh Richardson,SG,30,MIA,23,637,11.1,.569,.531,.175,2.0,9.4,5.6,15.6,1.0,0.9,10.3,16.2,,0.5,0.5,1.0,.075,,-1.6,-0.9,-2.5,-0.1,richajo01
384,Duncan Robinson,SF,29,MIA,26,757,14.1,.650,.658,.138,1.1,10.1,5.5,16.3,0.8,0.4,10.4,19.0,,1.2,0.5,1.7,.108,,1.2,-1.4,-0.1,0.4,robindu01
385,Jerome Robinson,SG,26,GSW,1,5,-4.9,.000,.000,.000,21.1,21.5,21.3,0.0,0.0,0.0,0.0,16.7,,0.0,0.0,0.0,-0.254,,-12.0,-6.7,-18.7,0.0,robinje01
386,Mitchell Robinson,C,25,NYK,21,613,16.0,.567,.000,.388,20.0,19.0,19.5,3.2,2.6,4.1,15.5,9.4,,0.9,1.0,1.9,.148,,-0.4,0.8,0.4,0.4,robinmi01
387,Orlando Robinson,C,23,MIA,13,210,14.9,.606,.203,.237,9.7,22.5,16.0,15.8,1.2,3.2,16.6,16.4,,0.3,0.3,0.5,.123,,-1.7,0.5,-1.2,0.0,robinor01
388,Jeremiah Robinson-Earl,PF,23,NOP,11,111,13.5,.654,.355,.194,9.7,16.7,13.2,7.3,0.9,0.0,15.1,15.2,,0.2,0.1,0.3,.118,,-0.4,-1.5,-1.8,0.0,robinje02
389,David Roddy,PF,22,MEM,26,619,8.9,.490,.446,.139,4.4,15.5,9.7,8.2,1.3,1.4,10.8,16.5,,-0.4,0.7,0.3,.022,,-3.8,-0.5,-4.3,-0.4,roddyda01
390,Ryan Rollins,PG,21,WAS,8,49,25.4,.639,.111,.889,4.4,17.8,11.1,28.0,7.5,3.3,21.8,27.5,,0.1,0.1,0.2,.161,,0.5,6.5,7.1,0.1,rolliry01
391,Derrick Rose,PG,35,MEM,15,284,12.8,.522,.264,.174,2.6,9.3,5.8,29.6,1.2,0.7,13.9,22.7,,0.0,0.2,0.3,.042,,-1.6,-1.4,-3.0,-0.1,rosede01
392,Terry Rozier,SG,29,CHO,17,606,19.5,.571,.388,.202,1.9,9.9,5.8,31.7,1.7,1.0,10.2,27.2,,1.0,0.1,1.1,.087,,3.5,-1.6,1.9,0.6,roziete01
393,Rayan Rupert,SG,19,POR,7,31,-5.4,.182,.500,.333,3.4,0.0,1.8,8.3,3.2,0.0,12.7,21.5,,-0.2,0.0,-0.2,-0.283,,-12.6,-4.0,-16.6,-0.1,ruperra01
394,D'Angelo Russell,PG,27,LAL,27,808,15.7,.571,.429,.167,1.3,9.6,5.6,30.5,1.3,1.3,11.7,21.8,,0.9,0.9,1.8,.105,,1.1,-0.3,0.8,0.6,russeda01
395,Matt Ryan,SF,26,NOP,13,298,9.9,.679,.819,.169,1.8,9.2,5.5,6.2,0.8,0.3,15.2,15.0,,0.3,0.2,0.5,.075,,-0.7,-1.4,-2.1,0.0,ryanma01
396,Domantas Sabonis,C,27,SAC,26,899,21.9,.620,.101,.454,10.8,29.1,19.6,30.9,1.2,1.7,16.4,22.0,,2.4,1.0,3.4,.182,,3.1,1.7,4.8,1.5,sabondo01
397,Luka Šamanić,PF,24,UTA,12,81,10.8,.513,.439,.049,4.0,29.9,16.9,6.0,0.6,2.3,12.5,24.6,,-0.1,0.1,0.0,-0.023,,-3.7,-2.4,-6.1,-0.1,samanlu01
398,Jermaine Samuels,SF,25,HOU,5,29,10.8,.615,.500,.500,3.8,22.0,13.1,9.0,0.0,3.2,0.0,7.3,,0.1,0.0,0.1,.167,,-2.4,0.7,-1.7,0.0,samueje01
399,Gui Santos,PF,21,GSW,2,12,5.5,.500,.250,.000,17.6,18.0,17.8,12.2,0.0,0.0,33.3,20.8,,0.0,0.0,0.0,-0.091,,-6.7,-3.3,-10.0,0.0,santogu01
400,Dario Šarić,C,29,GSW,27,563,16.6,.614,.533,.257,8.2,21.8,14.9,15.0,1.4,1.0,12.7,19.8,,1.0,0.7,1.7,.145,,1.8,0.5,2.3,0.6,saricda01
401,Olivier Sarr,C,24,OKC,6,61,12.7,.660,.455,.545,9.5,30.6,20.7,2.0,0.0,7.7,12.8,11.0,,0.1,0.1,0.2,.168,,-3.8,0.7,-3.1,0.0,sarrol01
402,Marcus Sasser,PG,23,DET,26,442,14.7,.609,.469,.119,0.7,10.5,5.5,22.7,1.9,0.9,11.1,18.0,,0.6,0.2,0.8,.091,,0.2,0.1,0.3,0.3,sassema01
403,Admiral Schofield,PF,26,ORL,8,28,-7.2,.322,.600,.200,0.0,20.4,10.2,9.5,0.0,0.0,26.9,22.5,,-0.2,0.0,-0.1,-0.253,,-14.5,-2.3,-16.8,-0.1,schofad01
404,Dennis Schröder,PG,30,TOR,27,863,14.0,.541,.386,.235,1.5,8.1,4.7,29.6,1.5,0.3,11.6,20.4,,1.0,0.6,1.7,.093,,-0.8,-0.6,-1.4,0.1,schrode01
405,Dereon Seabron,SG,23,NOP,5,52,9.1,.448,.154,.462,2.1,12.6,7.3,9.6,1.8,1.9,0.0,12.8,,0.0,0.1,0.1,.077,,-3.0,0.9,-2.1,0.0,seabrde01
406,Alperen Şengün,C,21,HOU,25,799,20.8,.576,.153,.296,8.8,21.3,15.2,28.0,1.4,2.6,13.0,26.8,,1.2,1.5,2.7,.160,,2.7,2.2,5.0,1.4,sengual01
407,Brice Sensabaugh,SF,20,UTA,1,2,-12.2,.000,.000,.000,54.3,55.1,54.7,0.0,0.0,0.0,0.0,41.6,,0.0,0.0,0.0,-0.669,,-15.4,-14.5,-29.8,0.0,sensabr01
408,Collin Sexton,SG,25,UTA,28,640,17.1,.593,.359,.368,4.1,9.1,6.6,23.6,1.1,0.7,13.0,26.4,,1.1,0.1,1.3,.094,,1.7,-2.1,-0.5,0.2,sextoco01
409,Landry Shamet,SG,26,WAS,15,253,11.9,.591,.594,.109,0.9,8.2,4.5,12.0,1.6,0.6,7.8,19.1,,0.1,0.0,0.2,.030,,-1.6,-1.6,-3.2,-0.1,shamela01
410,Day'Ron Sharpe,C,22,BRK,27,428,18.0,.557,.044,.400,18.4,28.3,23.3,10.1,1.1,4.3,16.3,18.8,,0.5,0.6,1.1,.127,,-2.0,0.1,-1.9,0.0,sharpda01
411,Shaedon Sharpe,SG,20,POR,26,911,11.5,.534,.413,.281,4.1,13.7,8.6,14.4,1.3,0.9,14.1,22.1,,-0.1,0.8,0.7,.035,,-2.1,-0.8,-2.9,-0.2,sharpsh01
412,Ben Sheppard,SG,22,IND,12,90,12.2,.559,.618,.176,2.5,7.8,5.1,10.7,2.1,0.0,2.7,17.1,,0.1,0.0,0.1,.075,,-1.4,-1.6,-3.1,0.0,sheppbe01
413,Pascal Siakam,PF,29,TOR,27,933,17.9,.577,.234,.341,4.9,16.5,10.6,22.1,1.2,0.5,11.3,25.3,,1.3,0.8,2.1,.110,,1.2,-0.2,1.0,0.7,siakapa01
414,Ben Simmons,PG,27,BRK,6,191,12.8,.516,.000,.111,8.8,27.0,17.9,26.6,0.8,2.3,28.4,11.7,,0.1,0.2,0.3,.083,,-2.0,2.0,0.0,0.1,simmobe01
415,Anfernee Simons,SG,24,POR,8,269,20.0,.574,.418,.272,2.4,8.0,5.0,31.0,1.5,0.3,10.2,31.0,,0.5,0.2,0.7,.123,,3.5,-1.3,2.2,0.3,simonan01
416,Jericho Sims,C,25,NYK,14,103,9.2,.669,.000,.333,6.4,19.5,12.9,3.8,0.5,0.9,10.4,7.9,,0.1,0.1,0.2,.108,,-3.5,-1.4,-4.9,-0.1,simsje01
417,Jalen Slawson,SF,24,SAC,5,19,5.5,.667,.333,.000,0.0,24.1,11.7,13.6,0.0,4.6,40.0,11.1,,0.0,0.0,0.0,-0.012,,-7.1,1.0,-6.1,0.0,slawsja01
418,Marcus Smart,PG,29,MEM,11,329,10.4,.534,.513,.176,1.0,8.3,4.5,25.7,3.2,1.2,22.4,21.4,,-0.4,0.5,0.0,.006,,-4.6,0.7,-3.8,-0.1,smartma01
419,Dennis Smith Jr.,PG,26,BRK,13,229,14.0,.505,.275,.175,5.0,12.9,8.9,26.6,2.3,1.2,12.2,18.1,,0.2,0.2,0.5,.099,,-2.0,1.9,-0.1,0.1,smithde03
420,Dru Smith,SG,26,MIA,9,131,12.8,.576,.515,.061,5.2,7.2,6.2,14.7,3.4,2.2,12.9,13.1,,0.1,0.2,0.3,.112,,-1.6,2.8,1.3,0.1,smithdr01
421,Ish Smith,PG,35,CHO,20,323,7.6,.545,.061,.000,1.7,8.3,4.8,22.3,1.1,0.6,27.5,12.1,,-0.1,0.0,-0.2,-0.025,,-4.6,-1.6,-6.2,-0.3,smithis01
422,Jabari Smith Jr.,PF,20,HOU,25,759,14.7,.591,.434,.207,7.2,23.9,15.8,8.2,0.8,2.7,10.0,17.9,,0.8,1.4,2.2,.141,,-0.4,0.9,0.5,0.5,smithja05
423,Jalen Smith,C,23,IND,15,224,24.0,.825,.291,.342,11.3,30.8,20.9,7.2,1.0,1.3,14.2,19.3,,0.8,0.1,1.0,.207,,5.0,-1.1,3.9,0.3,smithja04
424,Nick Smith Jr.,SG,19,CHO,11,109,10.5,.563,.500,.000,3.0,4.3,3.6,4.1,0.4,2.5,7.7,20.5,,0.0,0.0,0.0,-0.011,,-1.0,-2.8,-3.8,-0.1,smithni01
425,Jeremy Sochan,PG,20,SAS,26,757,9.1,.486,.236,.205,5.6,15.1,10.2,20.0,1.1,0.8,17.3,18.5,,-0.6,0.4,-0.3,-0.016,,-4.2,-1.1,-5.2,-0.6,sochaje01
426,Jaden Springer,SG,21,PHI,16,169,9.9,.469,.293,.276,9.3,7.7,8.5,13.1,2.9,3.6,18.7,19.9,,-0.2,0.3,0.1,.031,,-4.4,0.9,-3.5,-0.1,sprinja01
427,Lamar Stevens,PF,26,BOS,10,48,16.9,.582,.333,.222,11.7,10.7,11.2,9.0,4.1,5.7,16.8,21.4,,0.0,0.1,0.1,.142,,-3.0,2.8,-0.1,0.0,stevela01
428,Isaiah Stewart,PF,22,DET,25,758,9.3,.563,.431,.201,6.4,18.8,12.5,6.3,0.4,1.6,15.9,15.0,,0.0,0.3,0.3,.016,,-3.0,-1.3,-4.3,-0.4,stewais01
429,Julian Strawther,SF,21,DEN,26,365,10.8,.517,.637,.123,0.3,11.4,5.9,11.1,1.9,1.2,4.9,19.1,,0.1,0.4,0.5,.070,,-2.7,-0.4,-3.1,-0.1,strawju01
430,Max Strus,SF,27,CLE,28,966,11.5,.549,.658,.122,2.6,14.5,8.6,15.2,1.2,1.3,11.1,17.8,,0.6,1.1,1.6,.081,,-1.0,0.3,-0.6,0.3,strusma01
431,Jalen Suggs,SG,22,ORL,24,624,14.4,.600,.480,.260,2.5,12.6,7.6,14.0,3.1,2.2,15.6,20.0,,0.3,1.2,1.5,.114,,-1.1,2.4,1.2,0.5,suggsja01
432,Cole Swider,SF,24,MIA,3,29,15.0,.571,.786,.000,0.0,4.1,2.0,16.3,1.7,3.3,6.7,22.8,,0.0,0.0,0.0,.073,,4.6,1.2,5.8,0.1,swideco01
433,Jae'Sean Tate,SF,28,HOU,23,410,11.0,.557,.408,.143,6.5,14.0,10.3,8.8,2.3,1.4,8.8,12.2,,0.4,0.7,1.1,.128,,-2.5,2.5,-0.1,0.2,tateja01
434,Jayson Tatum,PF,25,BOS,26,957,20.5,.598,.439,.337,2.7,21.9,12.7,18.2,1.3,1.2,11.7,29.8,,1.6,1.5,3.1,.155,,3.1,0.7,3.8,1.4,tatumja01
435,Terry Taylor,PF,24,CHI,7,13,19.4,1.000,.000,.000,8.1,9.0,8.5,0.0,3.9,0.0,0.0,6.7,,0.0,0.0,0.1,.209,,2.1,0.6,2.8,0.0,taylote01
436,Garrett Temple,SG,37,TOR,6,19,27.9,.935,.200,.400,0.0,11.7,5.7,23.6,2.6,0.0,0.0,13.1,,0.1,0.0,0.1,.348,,7.6,4.0,11.6,0.1,templga01
437,Dalen Terry,SG,21,CHI,13,99,7.0,.434,.579,.211,4.3,18.9,11.2,15.8,0.5,3.1,16.2,10.9,,0.0,0.1,0.1,.025,,-5.0,0.4,-4.6,-0.1,terryda01
438,Daniel Theis,C,31,TOT,17,283,14.0,.530,.184,.245,11.8,13.6,12.7,7.3,1.2,4.8,7.7,17.9,,0.3,0.4,0.7,.119,,-2.6,0.1,-2.4,0.0,theisda01
438,Daniel Theis,C,31,IND,1,8,-6.5,.250,.250,.000,0.0,0.0,0.0,0.0,0.0,0.0,0.0,20.4,,0.0,0.0,0.0,-0.272,,-12.9,-7.8,-20.7,0.0,theisda01
438,Daniel Theis,C,31,LAC,16,275,14.6,.540,.181,.255,12.2,14.0,13.1,7.5,1.2,4.9,7.9,17.8,,0.4,0.4,0.7,.130,,-2.3,0.3,-1.9,0.0,theisda01
439,Cam Thomas,SG,22,BRK,18,570,17.0,.558,.328,.226,1.1,9.6,5.3,12.8,0.9,1.4,7.8,31.4,,0.4,0.3,0.7,.060,,0.7,-1.8,-1.2,0.1,thomaca02
440,Amen Thompson,SF,21,HOU,6,86,7.5,.491,.462,.308,3.9,18.5,11.4,11.5,1.1,1.1,16.9,18.0,,-0.1,0.1,0.0,.021,,-5.4,0.5,-4.8,-0.1,thompam01
441,Ausar Thompson,SF,21,DET,27,728,13.1,.506,.217,.213,10.8,22.7,16.6,12.8,1.6,3.5,15.0,18.1,,-0.1,0.7,0.6,.036,,-3.1,0.3,-2.8,-0.1,thompau01
442,Klay Thompson,SF,33,GSW,26,794,12.6,.568,.601,.179,2.0,11.7,6.8,10.9,0.8,1.5,10.3,22.9,,0.5,0.6,1.1,.065,,0.7,-1.3,-0.6,0.3,thompkl01
443,Tristan Thompson,PF,32,CLE,23,246,16.6,.658,.000,.543,15.5,19.1,17.3,10.5,1.2,2.9,14.9,11.8,,0.5,0.3,0.8,.166,,0.0,0.9,0.9,0.2,thomptr01
444,JT Thor,PF,21,CHO,23,360,6.3,.450,.526,.090,5.7,12.6,9.0,3.5,0.8,2.2,6.9,10.4,,-0.1,0.0,-0.1,-0.010,,-4.6,-1.6,-6.1,-0.4,thorjt01
445,Matisse Thybulle,SF,26,POR,26,603,11.8,.633,.794,.079,1.9,8.3,4.9,6.3,3.5,3.1,12.1,10.4,,0.4,0.8,1.3,.101,,-1.5,3.2,1.8,0.6,thybuma01
446,Xavier Tillman Sr.,C,25,MEM,14,289,11.2,.433,.310,.140,6.9,18.6,12.5,11.9,3.3,3.3,10.9,17.6,,-0.4,0.5,0.2,.031,,-4.0,1.7,-2.3,0.0,tillmxa01
447,Jacob Toppin,SF,23,NYK,1,2,18.8,,,,0.0,0.0,0.0,0.0,0.0,47.0,,0.0,,0.0,0.0,0.0,.173,,3.6,6.2,9.8,0.0,toppija01
448,Obi Toppin,PF,25,IND,26,623,16.0,.700,.406,.188,4.8,11.8,8.3,7.0,1.0,1.8,8.2,16.0,,1.5,0.1,1.5,.117,,1.5,-1.8,-0.3,0.3,toppiob01
449,Juan Toscano-Anderson,SF,30,SAC,3,10,2.2,.333,.333,.000,10.7,22.9,16.6,25.6,0.0,0.0,25.0,16.9,,0.0,0.0,0.0,-0.070,,-11.0,-3.7,-14.7,0.0,toscaju01
450,Karl-Anthony Towns,PF,28,MIN,26,865,20.0,.633,.297,.295,6.1,24.8,16.1,14.5,1.3,1.7,14.1,26.7,,1.4,1.8,3.2,.178,,1.8,1.6,3.4,1.2,townska01
451,Gary Trent Jr.,SG,25,TOR,24,607,9.2,.501,.533,.143,0.9,9.0,4.8,8.9,1.2,0.3,5.5,19.2,,-0.1,0.4,0.3,.023,,-2.9,-1.0,-3.9,-0.3,trentga02
452,Oscar Tshiebwe,PF,24,IND,3,17,21.7,.564,.000,.500,13.5,20.6,17.0,15.4,0.0,0.0,0.0,23.5,,0.1,0.0,0.1,.180,,4.5,-2.9,1.6,0.0,tshieos01
453,P.J. Tucker,PF,38,TOT,15,239,5.4,.492,.842,.158,7.7,12.1,10.0,3.9,1.8,1.1,16.4,4.4,,0.1,0.3,0.4,.088,,-4.3,1.0,-3.3,-0.1,tuckepj01
453,P.J. Tucker,PF,38,PHI,3,66,4.6,.600,1.000,.000,1.7,21.4,11.7,0.0,2.2,2.6,28.6,4.5,,0.0,0.1,0.1,.067,,-4.9,1.1,-3.7,0.0,tuckepj01
453,P.J. Tucker,PF,38,LAC,12,173,5.7,.457,.786,.214,10.0,8.6,9.3,5.4,1.7,0.5,11.5,4.3,,0.2,0.2,0.3,.096,,-4.1,1.0,-3.1,0.0,tuckepj01
454,Myles Turner,C,27,IND,25,678,19.4,.605,.344,.358,8.0,25.0,16.4,5.7,1.0,5.6,8.9,23.1,,1.1,0.5,1.7,.117,,0.7,-0.9,-0.2,0.3,turnemy01
455,Hunter Tyson,PF,23,DEN,8,20,-1.2,.250,.750,.000,0.0,27.3,13.7,5.7,0.0,0.0,0.0,8.6,,0.0,0.0,0.0,-0.024,,-10.5,-1.3,-11.8,0.0,tysonhu01
456,Stanley Umude,SG,24,DET,15,155,13.5,.693,.614,.523,2.1,18.3,10.0,7.1,1.2,2.7,15.6,17.3,,0.2,0.1,0.3,.104,,-0.4,0.3,-0.2,0.1,umudest01
457,Jonas Valančiūnas,C,31,NOP,28,775,21.0,.648,.195,.319,9.8,29.0,19.3,12.9,0.9,4.6,10.8,19.7,,1.9,1.3,3.2,.198,,1.8,0.8,2.6,0.9,valanjo01
458,Jarred Vanderbilt,PF,24,LAL,7,99,4.2,.252,.538,.154,8.0,18.9,13.7,7.2,1.0,1.8,12.6,6.9,,-0.1,0.1,0.0,.022,,-7.4,0.4,-6.9,-0.1,vandeja01
459,Fred VanVleet,PG,29,HOU,24,924,16.5,.549,.537,.240,1.0,11.1,6.2,34.3,1.4,1.4,9.4,20.2,,1.7,1.3,3.1,.159,,2.6,0.9,3.5,1.3,vanvlfr01
460,Devin Vassell,SG,23,SAS,21,623,15.4,.587,.500,.208,1.5,11.2,6.2,14.9,1.4,0.4,8.4,23.8,,0.5,0.3,0.7,.055,,1.1,-1.3,-0.2,0.3,vassede01
461,Sasha Vezenkov,PF,28,SAC,23,322,13.0,.564,.632,.068,6.0,17.1,11.4,5.2,1.8,1.6,6.2,16.9,,0.2,0.3,0.6,.082,,-0.3,-0.8,-1.1,0.1,vezenal01
462,Gabe Vincent,PG,27,LAL,5,127,6.1,.411,.531,.063,1.8,2.5,2.1,15.2,2.3,0.0,5.7,11.8,,-0.1,0.1,0.1,.025,,-5.8,1.5,-4.3,-0.1,vincega01
463,Nikola Vučević,C,33,CHI,29,994,16.3,.509,.242,.116,8.8,26.0,16.9,15.7,1.2,2.3,9.4,23.0,,0.4,1.1,1.6,.076,,-0.3,-0.4,-0.7,0.3,vucevni01
464,Dean Wade,PF,27,CLE,21,441,10.3,.594,.892,.169,6.9,16.1,11.6,5.7,2.1,1.2,10.1,9.7,,0.5,0.6,1.1,.119,,-2.0,1.6,-0.4,0.2,wadede01
465,Franz Wagner,SF,22,ORL,26,865,16.5,.540,.300,.281,3.8,16.0,9.9,18.5,1.6,1.0,8.5,25.4,,0.8,1.3,2.1,.117,,0.4,0.3,0.7,0.6,wagnefr01
466,Moritz Wagner,C,26,ORL,26,488,18.9,.682,.214,.349,9.1,15.9,12.5,9.7,1.2,1.7,14.6,22.5,,1.0,0.7,1.7,.167,,0.7,0.4,1.1,0.4,wagnemo01
467,Ish Wainright,SF,29,POR,2,5,-0.5,.000,1.000,.000,0.0,0.0,0.0,0.0,9.8,0.0,0.0,8.5,,0.0,0.0,0.0,-0.080,,-14.2,5.2,-8.9,0.0,wainris01
468,Jabari Walker,SF,21,POR,26,457,14.0,.550,.320,.294,9.5,22.3,15.5,5.7,2.0,1.9,11.3,18.0,,0.3,0.6,0.9,.094,,-2.8,0.1,-2.7,-0.1,walkeja01
469,Jarace Walker,PF,20,IND,8,84,11.3,.512,.393,.107,1.4,15.3,8.3,15.3,2.2,2.7,9.3,15.7,,0.0,0.0,0.1,.047,,-1.7,0.4,-1.3,0.0,walkeja02
470,Lonnie Walker IV,SG,25,BRK,17,362,18.2,.633,.528,.211,0.9,12.2,6.5,12.0,1.3,1.7,11.3,25.9,,0.5,0.3,0.8,.102,,3.3,-0.6,2.7,0.4,walkelo01
471,Cason Wallace,SG,20,OKC,25,545,11.9,.701,.446,.124,2.6,8.4,5.6,8.3,1.2,1.9,9.2,11.1,,0.9,0.6,1.5,.132,,-0.3,0.5,0.2,0.3,wallaca01
472,P.J. Washington,PF,25,CHO,23,691,12.1,.529,.509,.159,4.2,15.3,9.5,11.3,1.3,2.5,10.2,20.1,,0.0,0.2,0.2,.017,,-1.8,-1.3,-3.1,-0.2,washipj01
473,TyTy Washington Jr.,PG,22,MIL,2,6,0.9,.500,.667,.000,0.0,17.4,9.1,0.0,7.8,0.0,40.0,35.1,,-0.1,0.0,0.0,-0.352,,-11.1,0.5,-10.5,0.0,washity02
474,Yuta Watanabe,SF,29,PHO,19,328,5.7,.513,.825,.163,3.6,9.6,6.7,4.1,1.1,1.8,14.0,13.1,,-0.2,0.2,0.1,.008,,-4.1,-1.6,-5.8,-0.3,watanyu01
475,Lindy Waters III,SG,26,OKC,9,70,10.4,.591,.955,.000,1.7,7.4,4.7,11.1,0.0,1.3,0.0,13.5,,0.1,0.0,0.2,.114,,-0.3,-1.1,-1.4,0.0,waterli01
476,Trendon Watford,PF,23,BRK,20,280,15.9,.588,.188,.178,7.1,18.8,12.9,19.5,1.6,2.2,16.2,19.6,,0.3,0.3,0.6,.107,,-1.4,1.4,0.0,0.2,watfotr01
477,Peyton Watson,SF,21,DEN,27,452,12.9,.580,.270,.295,4.1,12.3,8.2,8.2,1.6,4.7,10.4,14.6,,0.4,0.6,1.0,.104,,-1.8,1.3,-0.5,0.2,watsope01
478,Victor Wembanyama,PF,20,SAS,24,732,18.2,.523,.310,.264,8.3,31.0,19.4,14.2,2.0,8.6,15.7,29.5,,-1.1,1.3,0.2,.014,,-1.8,1.3,-0.5,0.3,wembavi01
479,Blake Wesley,SG,20,SAS,6,26,7.9,.394,.125,.250,4.0,4.3,4.1,31.0,0.0,3.4,10.1,15.9,,0.0,0.0,0.0,-0.014,,-3.5,-1.4,-4.9,0.0,weslebl01
480,Russell Westbrook,PG,35,LAC,27,650,15.8,.510,.237,.248,7.5,20.7,14.3,27.8,2.3,1.8,17.1,23.7,,0.0,1.1,1.1,.081,,-0.2,1.5,1.3,0.5,westbru01
481,Coby White,PG,23,CHI,29,1005,15.1,.593,.545,.179,1.5,12.1,6.5,21.5,1.2,0.7,11.0,20.9,,1.5,0.6,2.1,.100,,1.2,-0.8,0.5,0.6,whiteco01
482,Derrick White,SG,29,BOS,24,782,19.2,.660,.586,.286,2.7,10.2,6.6,21.7,1.9,3.2,12.0,18.8,,2.2,1.2,3.4,.208,,3.7,2.1,5.9,1.6,whitede01
483,Cam Whitmore,SF,19,HOU,5,32,14.3,.515,.333,.667,3.5,23.2,13.6,10.1,1.5,0.0,9.3,29.2,,0.0,0.1,0.0,.039,,-3.0,-2.0,-5.1,0.0,whitmca01
484,Aaron Wiggins,SG,25,OKC,23,272,15.0,.698,.315,.315,6.0,12.2,9.3,8.0,1.8,0.3,12.6,15.0,,0.5,0.3,0.9,.154,,0.4,0.2,0.6,0.2,wiggiaa01
485,Andrew Wiggins,SF,28,GSW,25,664,8.9,.493,.285,.256,7.8,10.5,9.1,6.3,0.6,1.2,11.8,22.3,,-0.5,0.4,-0.1,-0.006,,-3.8,-2.4,-6.2,-0.7,wiggian01
486,Lindell Wigginton,PG,25,MIL,3,8,6.0,.510,.400,.400,0.0,0.0,0.0,0.0,0.0,0.0,14.5,36.2,,0.0,0.0,0.0,-0.145,,-14.3,-9.3,-23.6,0.0,wiggili01
487,Grant Williams,PF,25,DAL,24,708,9.2,.575,.694,.172,4.6,9.9,7.2,7.4,0.5,1.6,9.1,13.2,,0.6,0.3,0.9,.063,,-1.5,-1.4,-2.9,-0.2,willigr01
488,Jalen Williams,PF,22,OKC,22,708,14.8,.584,.216,.282,1.3,11.7,6.8,16.3,1.3,1.1,10.5,21.9,,0.7,0.8,1.6,.107,,-0.6,-0.2,-0.8,0.2,willija06
489,Jaylin Williams,C,21,OKC,20,262,11.3,.549,.622,.189,5.3,22.5,14.4,13.0,1.3,0.7,11.1,14.8,,0.2,0.4,0.6,.118,,-1.4,0.7,-0.7,0.1,willija07
490,Jeenathan Williams,SG,24,HOU,4,22,15.7,.547,.182,.182,0.0,0.0,0.0,16.2,2.2,0.0,0.0,23.6,,0.0,0.0,0.1,.113,,-1.7,0.5,-1.2,0.0,willije02
491,Kenrich Williams,PF,29,OKC,15,219,11.9,.576,.475,.169,5.8,14.7,10.5,13.1,1.1,0.9,5.9,13.2,,0.3,0.3,0.6,.131,,-0.5,0.3,-0.2,0.1,willike04
492,Mark Williams,C,22,CHO,19,508,22.4,.675,.000,.424,16.0,24.6,20.2,6.4,1.5,3.5,8.7,16.6,,1.6,0.3,2.0,.186,,1.5,-1.1,0.5,0.3,willima07
493,Patrick Williams,PF,22,CHI,29,788,11.9,.552,.408,.210,4.7,13.0,8.6,7.4,1.7,3.5,11.2,15.9,,0.3,0.8,1.0,.063,,-1.8,0.1,-1.7,0.1,willipa01
494,Robert Williams,C,26,POR,6,119,17.2,.684,.000,.346,9.8,27.2,18.0,6.3,2.9,5.2,18.9,13.1,,0.2,0.2,0.4,.155,,-2.3,2.8,0.5,0.1,williro04
495,Vince Williams Jr.,SG,23,MEM,18,335,11.4,.635,.789,.324,4.4,21.8,12.8,10.1,0.9,2.9,13.8,12.0,,0.4,0.4,0.8,.118,,-2.0,1.1,-0.9,0.1,willivi01
496,Ziaire Williams,SF,22,MEM,24,480,8.7,.511,.503,.192,3.3,19.5,11.1,10.6,1.0,1.0,14.6,18.8,,-0.4,0.6,0.1,.013,,-4.2,-0.5,-4.8,-0.3,willizi02
497,Zion Williamson,PF,23,NOP,23,701,22.1,.607,.020,.454,7.1,13.6,10.3,25.2,1.6,1.0,12.0,28.7,,1.4,0.8,2.2,.150,,3.0,0.1,3.1,0.9,willizi01
498,Jalen Wilson,PF,23,BRK,7,52,15.4,.836,.333,.444,6.1,10.1,8.1,10.0,0.9,1.7,15.7,10.4,,0.2,0.0,0.2,.168,,1.0,0.6,1.6,0.0,wilsoja03
499,Dylan Windler,SF,27,NYK,3,7,15.5,.750,1.000,.000,0.0,16.0,7.9,19.8,0.0,0.0,0.0,12.1,,0.0,0.0,0.0,.229,,3.5,3.5,7.0,0.0,windldy01
500,James Wiseman,C,22,DET,17,242,18.1,.715,.014,.324,10.3,22.5,16.2,8.5,0.8,3.4,15.9,17.4,,0.4,0.2,0.6,.123,,-1.0,-0.5,-1.5,0.0,wisemja01
501,Christian Wood,PF,28,LAL,25,486,10.6,.552,.449,.404,5.6,25.4,15.9,6.4,0.5,2.7,15.8,16.9,,-0.2,0.7,0.5,.051,,-3.6,-0.7,-4.3,-0.3,woodch01
502,Delon Wright,PG,31,WAS,8,141,16.9,.540,.367,.533,2.3,13.2,7.7,29.7,4.3,0.6,9.7,12.2,,0.3,0.1,0.4,.139,,-1.2,2.7,1.5,0.1,wrighde01
503,Thaddeus Young,PF,35,TOR,4,13,10.0,.410,.000,.500,8.2,17.2,12.6,31.8,0.0,0.0,17.0,19.2,,0.0,0.0,0.0,-0.039,,-1.2,-0.6,-1.8,0.0,youngth01
504,Trae Young,PG,25,ATL,25,900,22.7,.591,.446,.410,1.7,7.6,4.6,45.5,1.7,0.4,15.0,31.8,,2.7,0.1,2.9,.152,,6.5,-2.3,4.2,1.4,youngtr01
505,Omer Yurtseven,C,25,UTA,18,227,12.9,.552,.191,.118,14.3,27.7,21.0,8.3,0.9,4.0,21.0,16.6,,0.0,0.2,0.2,.041,,-3.6,-0.9,-4.5,-0.1,yurtsom01
506,Cody Zeller,C,31,NOP,22,221,9.4,.406,.026,.667,13.2,20.3,16.7,14.3,0.9,1.3,13.7,11.2,,0.1,0.2,0.3,.075,,-3.9,-0.2,-4.1,-0.1,zelleco01
507,Ivica Zubac,C,26,LAC,27,724,18.7,.637,.000,.338,13.2,24.7,19.2,5.6,0.4,5.0,10.7,17.3,,1.5,1.1,2.7,.177,,-0.1,-0.1,-0.3,0.3,zubaciv01