,,,,,,,,Player Shooting %,Player Shooting %,Player Shooting %,Player Shooting %,Player Shooting %,Player Shooting %,Player Shooting %,Player Shooting %,,League-Adjusted,League-Adjusted,League-Adjusted,League-Adjusted,League-Adjusted,League-Adjusted,League-Adjusted,League-Adjusted,,,,-additional
Rk,Player,Pos,Age,Team,G,MP,,FG,2P,3P,eFG,FT,TS,FTr,3PAr,,FG+,2P+,3P+,eFG+,FT+,TS+,FTr+,3PAr+,,FG Add,TS Add,-9999
1,Precious Achiuwa,C,24,TOR,21,387,,.477,.541,.310,.520,.583,.533,.238,.278,,101,100,85,96,74,92,93,71,,-7.1,-15.2,achiupr01
2,Bam Adebayo,C,26,MIA,18,603,,.514,.516,.333,.516,.808,.578,.414,.010,,109,96,91,95,103,100,161,3,,-16.2,-1.0,adebaba01
3,Ochai Agbaji,SG,23,UTA,28,590,,.450,.544,.380,.559,.750,.566,.050,.575,,95,101,104,103,95,98,20,147,,5.1,-4.4,agbajoc01
4,Santi Aldama,PF,23,MEM,20,501,,.438,.528,.340,.519,.629,.533,.168,.481,,93,98,93,96,80,92,66,123,,-10.1,-20.7,aldamsa01
5,Nickeil Alexander-Walker,SG,25,MIN,26,609,,.416,.509,.365,.534,.647,.543,.106,.646,,88,94,100,98,82,94,41,165,,-3.0,-12.1,alexani01
6,Grayson Allen,SG,28,PHO,22,731,,.486,.538,.449,.616,.891,.655,.249,.578,,103,100,123,113,113,113,97,148,,26.9,31.3,allengr01
7,Jarrett Allen,C,25,CLE,23,669,,.668,.668,,.668,.681,.684,.385,.000,,142,124,,123,86,118,150,,,46.8,45.7,allenja01
8,Jose Alvarado,PG,25,NOP,14,236,,.410,.405,.413,.524,.600,.539,.241,.554,,87,75,113,96,76,93,94,142,,-3.2,-7.3,alvarjo01
9,Kyle Anderson,PF,30,MIN,26,598,,.456,.508,.105,.463,.685,.506,.362,.128,,97,94,29,85,87,87,141,33,,-23.9,-25.1,anderky01
10,Giannis Antetokounmpo,PF,29,MIL,26,903,,.611,.651,.222,.621,.662,.649,.597,.093,,129,121,61,114,84,112,233,24,,75.8,85.3,antetgi01
11,Thanasis Antetokounmpo,PF,31,MIL,12,55,,.444,.444,,.444,,.444,.000,.000,,94,82,,82,,77,,,,-1.8,-2.4,antetth01
12,Cole Anthony,PG,23,ORL,26,653,,.459,.503,.375,.523,.847,.588,.392,.339,,97,93,102,96,107,101,153,87,,-11.6,5.7,anthoco01
13,OG Anunoby,SF,26,TOR,23,763,,.469,.577,.372,.567,.692,.580,.142,.527,,99,107,102,104,88,100,55,135,,13.1,.6,anunoog01
14,Ryan Arcidiacono,PG,29,NYK,9,20,,.000,,.000,.000,,.000,.000,1.000,,,,,,,,,256,,-3.3,-3.5,arcidry01
15,Deni Avdija,SF,23,WAS,26,699,,.498,.564,.343,.549,.815,.584,.232,.300,,105,105,94,101,103,101,90,77,,2.8,2.6,avdijde01
16,Deandre Ayton,C,25,POR,22,696,,.557,.557,,.557,.828,.577,.127,.000,,118,103,,103,105,100,50,,,6.2,-0.8,aytonde01
17,Udoka Azubuike,C,24,PHO,2,9,,1.000,1.000,,1.000,,1.000,.000,.000,,212,185,,184,,173,,,,.9,.8,azubuud01
18,Marvin Bagley III,C,24,DET,22,411,,.573,.586,.200,.576,.830,.624,.338,.032,,121,108,55,106,105,108,132,8,,10.4,16.2,baglema01
19,Amari Bailey,PG,19,CHO,2,11,,.333,.500,.000,.333,.500,.363,.333,.333,,71,93,,61,63,63,130,85,,-2.5,-3.0,baileam01
20,Patrick Baldwin Jr.,SF,21,WAS,7,39,,.385,.250,.600,.500,1.000,.576,.308,.385,,81,46,164,92,127,99,120,98,,-1.1,-0.1,baldwpa01
,,,,,,,,,,,,,,,,,,,,,,,,,,,,-9999
,,,,,,,,,,,,,,,,,,,,,,,,,,,,-9999
21,LaMelo Ball,PG,22,CHO,15,501,,.443,.488,.388,.530,.857,.568,.211,.450,,94,90,106,98,109,98,83,115,,-7.9,-7.2,ballla01
22,Mo Bamba,C,25,PHI,15,91,,.541,.556,.500,.608,.727,.633,.297,.270,,115,103,137,112,92,109,116,69,,4.8,4.5,bambamo01
23,Paolo Banchero,PF,21,ORL,26,875,,.471,.498,.371,.511,.681,.549,.392,.214,,100,92,101,94,86,95,153,55,,-27.1,-28.9,banchpa01
24,Desmond Bane,SG,25,MEM,25,860,,.465,.536,.380,.552,.856,.583,.186,.457,,98,99,104,102,109,101,73,117,,8.0,4.6,banede01
25,Dalano Banton,PG,24,BOS,12,94,,.483,.619,.125,.500,.833,.537,.207,.276,,102,115,34,92,106,93,81,71,,-2.5,-2.6,bantoda01
26,Dominick Barlow,PF,20,SAS,8,45,,.333,.429,.000,.333,.667,.430,.667,.222,,71,79,,61,85,74,260,57,,-3.8,-3.5,barlodo01
27,Harrison Barnes,PF,31,SAC,26,795,,.486,.586,.400,.593,.807,.627,.266,.537,,103,109,109,109,102,108,104,138,,21.4,23.1,barneha02
28,Scottie Barnes,SG,22,TOR,27,944,,.493,.547,.381,.555,.750,.586,.263,.326,,104,101,104,102,95,101,103,84,,10.0,6.5,barnesc01
29,RJ Barrett,SG,23,NYK,22,643,,.426,.468,.343,.483,.860,.545,.328,.331,,90,87,94,89,109,94,128,85,,-39.3,-25.1,barrerj01
30,Charles Bassey,C,23,SAS,19,205,,.725,.744,.000,.725,.833,.739,.150,.025,,154,138,,133,106,128,59,6,,14.5,13.6,bassech01
31,Emoni Bates,SF,20,CLE,7,52,,.267,.333,.250,.367,.500,.378,.133,.800,,57,62,68,67,63,65,52,205,,-5.3,-6.4,batesem01
32,Keita Bates-Diop,SF,28,PHO,22,387,,.398,.492,.250,.447,.719,.491,.311,.388,,84,91,68,82,91,85,121,99,,-19.9,-20.6,bateske01
33,Nicolas Batum,PF,35,TOT,20,478,,.541,.778,.464,.716,.636,.717,.149,.757,,115,144,127,132,81,124,58,194,,25.6,21.7,batumni01
34,Nicolas Batum,PF,35,LAC,3,54,,.375,1.000,.286,.500,,.500,.000,.875,,79,185,78,92,,86,,224,,-0.7,-1.3,batumni01
35,Nicolas Batum,PF,35,PHI,17,424,,.561,.765,.490,.742,.636,.741,.167,.742,,119,142,134,137,81,128,65,190,,26.3,23.0,batumni01
36,Bradley Beal,SG,30,PHO,6,151,,.449,.458,.429,.514,.708,.553,.348,.304,,95,85,117,95,90,96,136,78,,-4.0,-4.1,bealbr01
37,Malik Beasley,SG,27,MIL,25,755,,.482,.565,.450,.644,.667,.647,.054,.721,,102,105,123,119,85,112,21,185,,44.7,30.8,beaslma01
38,MarJon Beauchamp,SF,23,MIL,23,375,,.484,.519,.436,.577,.611,.586,.198,.429,,102,96,119,106,78,101,77,110,,6.1,1.4,beaucma01
39,Jules Bernard,SG,24,WAS,2,10,,.200,.500,.000,.200,,.200,.000,.600,,42,93,,37,,35,,154,,-3.4,-3.8,bernaju01
40,Dāvis Bertāns,PF,31,OKC,9,71,,.368,.000,.389,.553,.933,.684,.789,.947,,78,,106,102,118,118,308,243,,.4,5.4,bertada01
,,,,,,,,,,,,,,,,,,,,,,,,,,,,-9999
,,,,,,,,,,,,,,,,,,,,,,,,,,,,-9999
41,Patrick Beverley,PG,35,PHI,27,465,,.421,.538,.309,.500,.654,.523,.243,.514,,89,100,84,92,83,90,95,132,,-9.3,-13.2,beverpa01
42,Saddiq Bey,SF,24,ATL,27,855,,.462,.574,.350,.549,.789,.579,.209,.502,,98,106,96,101,100,100,81,128,,3.3,-0.2,beysa01
43,Goga Bitadze,C,24,ORL,24,506,,.597,.614,.200,.601,.708,.632,.403,.042,,126,114,55,111,90,109,157,11,,13.7,14.7,bitadgo01
44,Onuralp Bitim,SG,24,CHI,1,3,,,,,,,,,,,,,,,,,,,,.0,.0,bitimon01
45,Bismack Biyombo,C,31,MEM,19,493,,.586,.586,,.586,.514,.586,.425,.000,,124,109,,108,65,101,166,,,7.4,1.4,biyombi01
46,Anthony Black,PG,20,ORL,24,469,,.500,.607,.314,.557,.571,.568,.292,.365,,106,112,86,103,73,98,114,93,,2.7,-2.5,blackan01
47,Leaky Black,SF,24,CHO,7,40,,.625,.667,.500,.688,,.688,.000,.250,,132,123,137,127,,119,,64,,2.3,1.7,blackle01
48,Bogdan Bogdanović,SG,31,ATL,25,701,,.469,.557,.413,.596,.925,.618,.118,.614,,99,103,113,110,117,107,46,157,,35.6,28.0,bogdabo01
49,Bojan Bogdanović,PF,34,DET,8,251,,.496,.569,.424,.603,.757,.634,.316,.504,,105,105,116,111,96,109,123,129,,13.8,14.6,bogdabo02
50,Bol Bol,PF,24,PHO,6,15,,.667,1.000,.000,.667,,.667,.000,.333,,141,185,,123,,115,,85,,.7,.5,bolbo01
51,Marques Bolden,C,25,MIL,2,3,,,,,,,,,,,,,,,,,,,,.0,.0,boldema01
52,Devin Booker,SG,27,PHO,18,643,,.476,.510,.383,.527,.908,.602,.400,.265,,101,94,105,97,115,104,156,68,,-11.8,19.5,bookede01
53,Brandon Boston Jr.,SF,22,LAC,2,11,,.571,.750,.333,.643,,.643,.000,.429,,121,139,91,118,,111,,110,,1.4,.9,bostobr01
54,Chris Boucher,PF,31,TOR,25,354,,.450,.521,.340,.517,.766,.569,.392,.392,,95,96,93,95,97,98,153,100,,-6.4,-2.9,bouchch01
55,James Bouknight,SG,23,CHO,3,18,,.545,1.000,.500,.773,,.773,.000,.909,,116,185,137,142,,133,,233,,5.0,4.3,bouknja01
56,Jamaree Bouyea,PG,24,POR,6,57,,.238,.385,.000,.238,,.238,.000,.381,,50,71,,44,,41,,98,,-12.8,-14.3,bouyeja01
57,Malaki Branham,SG,20,SAS,26,578,,.444,.527,.318,.507,.933,.523,.069,.394,,94,98,87,93,118,90,27,101,,-15.8,-24.8,branhma01
58,Christian Braun,SG,22,DEN,29,587,,.478,.510,.385,.527,.755,.559,.244,.259,,101,94,105,97,96,97,95,66,,-6.5,-8.8,braunch01
59,Mikal Bridges,SF,27,BRK,27,938,,.457,.500,.377,.523,.852,.572,.281,.349,,97,93,103,96,108,99,110,89,,-18.5,-7.2,bridgmi01
60,Miles Bridges,SF,25,CHO,15,544,,.470,.542,.333,.528,.849,.567,.225,.343,,100,100,91,97,108,98,88,88,,-7.5,-6.3,bridgmi02
,,,,,,,,,,,,,,,,,,,,,,,,,,,,-9999
,,,,,,,,,,,,,,,,,,,,,,,,,,,,-9999
61,Oshae Brissett,SF,25,BOS,13,130,,.440,.571,.273,.500,.643,.546,.560,.440,,93,106,75,92,82,94,219,113,,-2.2,-2.1,brissos01
62,Malcolm Brogdon,PG,31,POR,19,519,,.421,.443,.388,.500,.768,.533,.222,.409,,89,82,106,92,97,92,87,105,,-21.9,-25.4,brogdma01
63,Armoni Brooks,PG,25,BRK,7,64,,.333,.250,.368,.463,,.463,.000,.704,,71,46,101,85,,80,,180,,-4.3,-6.3,brookar01
64,Dillon Brooks,SF,28,HOU,25,795,,.483,.536,.417,.576,.830,.605,.196,.443,,102,99,114,106,105,104,76,113,,17.5,15.1,brookdi01
65,Bruce Brown,SG,27,IND,26,800,,.460,.549,.300,.514,.806,.553,.246,.357,,98,102,82,95,102,96,96,91,,-14.9,-14.5,brownbr01
66,Charlie Brown Jr.,SG,26,NYK,1,2,,.000,,.000,.000,,.000,.000,1.000,,,,,,,,,256,,-1.1,-1.2,brownch02
67,Greg Brown III,PF,22,DAL,3,11,,1.000,1.000,,1.000,.200,.595,2.500,.000,,212,185,,184,25,103,976,,,1.8,.1,browngr01
68,Jaylen Brown,SF,27,BOS,26,884,,.478,.556,.333,.536,.745,.562,.203,.348,,101,103,91,99,95,97,79,89,,-6.9,-18.3,brownja02
69,Kobe Brown,PF,24,LAC,17,164,,.375,.500,.308,.475,.500,.477,.050,.650,,79,93,84,87,63,82,20,166,,-5.5,-8.3,brownko01
70,Moses Brown,C,24,POR,5,35,,.500,.500,,.500,.000,.466,.167,.000,,106,93,,92,,80,65,,,-1.0,-2.9,brownmo01
71,Troy Brown Jr.,SF,24,MIN,22,334,,.462,.621,.391,.597,.850,.629,.215,.688,,98,115,107,110,108,109,84,176,,9.9,10.1,browntr01
72,Jalen Brunson,PG,27,NYK,27,958,,.472,.480,.458,.552,.801,.594,.297,.348,,100,89,125,102,102,103,116,89,,8.9,16.7,brunsja01
73,Thomas Bryant,C,26,MIA,18,223,,.556,.580,.000,.556,.850,.600,.278,.042,,118,107,,102,108,104,108,11,,1.7,3.4,bryanth01
74,Kobe Bufkin,SG,20,ATL,2,4,,.000,.000,.000,.000,.500,.129,.667,.333,,,,,,63,22,260,85,,-3.3,-3.5,bufkiko01
75,Reggie Bullock,SF,32,HOU,11,93,,.350,.333,.353,.500,1.000,.514,.050,.850,,74,62,96,92,127,89,20,218,,-1.7,-2.7,bullore01
76,Alec Burks,SG,32,DET,20,359,,.331,.312,.344,.433,.875,.509,.357,.592,,70,58,94,80,111,88,139,152,,-34.6,-25.4,burksal01
77,Jared Butler,SG,23,WAS,13,103,,.500,.650,.333,.579,.846,.629,.342,.474,,106,120,91,107,107,109,134,121,,2.7,4.4,butleja02
78,Jimmy Butler,PF,34,MIA,23,783,,.462,.479,.377,.492,.879,.594,.571,.159,,98,89,103,91,112,103,223,41,,-33.9,12.5,butleji01
79,Jamal Cain,PF,24,MIA,8,113,,.448,.643,.267,.517,.636,.547,.379,.517,,95,119,73,95,81,94,148,132,,-1.5,-2.2,cainja01
80,Kentavious Caldwell-Pope,SG,30,DEN,27,880,,.465,.504,.415,.556,.902,.601,.239,.441,,98,93,113,102,114,104,93,113,,5.5,10.3,caldwke01
,,,,,,,,,,,,,,,,,,,,,,,,,,,,-9999
,,,,,,,,,,,,,,,,,,,,,,,,,,,,-9999
81,Toumani Camara,PF,23,POR,26,658,,.412,.505,.304,.482,.676,.507,.218,.465,,87,94,83,89,86,88,85,119,,-20.8,-26.7,camarto01
82,Clint Capela,C,29,ATL,26,670,,.583,.583,,.583,.691,.607,.305,.000,,124,108,,107,88,105,119,,,17.6,14.1,capelca01
83,Jevon Carter,PG,28,CHI,29,414,,.377,.429,.350,.491,.000,.489,.006,.648,,80,79,96,90,,84,2,166,,-16.8,-28.7,carteje01
84,Wendell Carter Jr.,C,24,ORL,6,170,,.408,.452,.333,.469,.562,.491,.327,.367,,86,84,91,86,71,85,127,94,,-7.3,-9.9,cartewe01
85,Alex Caruso,SG,29,CHI,23,533,,.549,.646,.468,.677,.765,.695,.236,.549,,116,120,128,125,97,120,92,140,,38.5,36.9,carusal01
86,Colin Castleton,C,23,LAL,4,28,,.625,.625,,.625,1.000,.676,.250,.000,,132,116,,115,127,117,98,,,1.3,1.7,castlco01
87,Malcolm Cazalon,SG,22,DET,1,3,,,,,,,,,,,,,,,,,,,,.0,.0,cazalma01
88,Julian Champagnie,SF,22,SAS,19,244,,.384,.364,.391,.529,.727,.545,.128,.744,,81,67,107,97,92,94,50,191,,-2.5,-6.2,champju02
89,Max Christie,SG,20,LAL,22,362,,.387,.460,.302,.457,.714,.479,.151,.462,,82,85,83,84,91,83,59,118,,-16.1,-19.8,chrisma02
90,Sidy Cissoko,SF,19,SAS,1,4,,,,,,,,,,,,,,,,,,,,.0,.0,cissosi01
91,Jordan Clarkson,SG,31,UTA,19,586,,.399,.459,.295,.453,.833,.498,.229,.365,,85,85,81,83,106,86,89,93,,-52.0,-51.2,clarkjo01
92,Nic Claxton,C,24,BRK,18,487,,.646,.643,1.000,.649,.641,.658,.271,.007,,137,119,273,119,81,114,106,2,,30.5,25.3,claxtni01
93,Noah Clowney,PF,19,BRK,1,3,,,,,,,,,,,,,,,,,,,,.0,.0,clownno01
94,Amir Coffey,SF,26,LAC,15,171,,.395,.533,.304,.487,.909,.549,.289,.605,,84,99,83,90,115,95,113,155,,-4.3,-2.6,coffeam01
95,John Collins,PF,26,UTA,24,726,,.485,.525,.404,.552,.766,.582,.239,.332,,103,97,111,102,97,101,93,85,,4.7,2.0,collijo01
96,Zach Collins,C,26,SAS,26,701,,.481,.584,.306,.538,.809,.577,.258,.371,,102,108,84,99,103,100,101,95,,-2.9,-1.4,colliza01
97,Mike Conley,PG,36,MIN,26,765,,.458,.494,.436,.593,.951,.631,.192,.621,,97,91,119,109,121,109,75,159,,21.4,24.3,conlemi01
98,Pat Connaughton,SF,31,MIL,21,464,,.413,.571,.333,.524,.692,.538,.125,.663,,88,106,91,96,88,93,49,170,,-4.0,-9.1,connapa01
99,Bilal Coulibaly,SF,19,WAS,25,673,,.521,.611,.416,.617,.638,.629,.281,.461,,110,113,114,113,81,109,110,118,,24.5,18.6,coulibi01
100,Robert Covington,SF-PF,33,TOT,25,432,,.438,.541,.365,.545,.875,.593,.270,.584,,93,100,100,100,111,102,105,150,,.3,2.7,covinro01
,,,,,,,,,,,,,,,,,,,,,,,,,,,,-9999
,,,,,,,,,,,,,,,,,,,,,,,,,,,,-9999
101,Robert Covington,PF,33,LAC,3,69,,.333,1.000,.250,.444,.500,.455,.222,.889,,71,185,68,82,63,79,87,228,,-1.8,-2.4,covinro01
102,Robert Covington,SF,33,PHI,22,363,,.450,.528,.386,.556,.909,.608,.275,.550,,95,98,106,102,115,105,107,141,,2.1,5.1,covinro01
103,Torrey Craig,SF,33,CHI,27,572,,.424,.476,.382,.529,.783,.553,.165,.547,,90,88,104,97,99,96,65,140,,-4.1,-7.7,craigto01
104,Jae Crowder,PF,33,MIL,9,240,,.532,.562,.516,.702,.583,.698,.255,.660,,113,104,141,129,74,121,100,169,,14.9,12.5,crowdja01
105,Cade Cunningham,PG,22,DET,27,935,,.434,.481,.325,.482,.881,.530,.230,.300,,92,89,89,89,112,92,90,77,,-62.6,-55.4,cunnica01
106,Seth Curry,SG,33,DAL,21,251,,.398,.389,.404,.512,.900,.538,.120,.566,,84,72,110,94,114,93,47,145,,-5.2,-7.2,curryse01
107,Stephen Curry,PG,35,GSW,25,847,,.464,.541,.416,.592,.936,.652,.333,.617,,98,100,114,109,119,113,130,158,,46.0,79.3,curryst01
108,Dyson Daniels,PG,20,NOP,28,666,,.398,.510,.253,.453,.667,.475,.175,.439,,84,95,69,83,85,82,68,112,,-30.8,-38.3,daniedy01
109,Anthony Davis,C,30,LAL,26,919,,.546,.557,.333,.554,.811,.611,.417,.049,,116,103,91,102,103,106,163,12,,9.5,32.9,davisan02
110,Johnny Davis,SG,21,WAS,14,128,,.475,.486,.333,.487,.800,.509,.125,.075,,101,90,91,90,102,88,49,19,,-4.5,-5.9,davisjo06
111,Dexter Dennis,SG,24,DAL,2,7,,.333,.667,.000,.333,.000,.311,.167,.500,,71,123,,61,,54,65,128,,-2.5,-3.5,dennide01
112,DeMar DeRozan,SF,34,CHI,27,982,,.451,.468,.357,.478,.826,.550,.421,.151,,96,87,98,88,105,95,164,39,,-60.2,-31.6,derozde01
113,Moussa Diabaté,C,22,LAC,9,55,,.500,.500,,.500,.750,.580,.667,.000,,106,93,,92,95,100,260,,,-1.6,.0,diabamo01
114,Gradey Dick,SG,20,TOR,17,227,,.284,.348,.250,.366,1.000,.431,.209,.657,,60,64,68,67,127,74,82,168,,-23.8,-21.7,dickgr01
115,Ousmane Dieng,PF,20,OKC,16,183,,.426,.647,.324,.537,.800,.565,.185,.685,,90,120,89,99,102,98,72,175,,-0.7,-1.6,diengou01
116,Spencer Dinwiddie,PG,30,BRK,26,827,,.404,.504,.322,.492,.786,.541,.314,.548,,86,93,88,91,100,93,123,140,,-32.1,-27.3,dinwisp01
117,Donte DiVincenzo,SG,27,NYK,27,556,,.455,.473,.448,.616,.724,.629,.146,.722,,96,88,122,113,92,109,57,185,,28.8,20.9,divindo01
118,Luka Dončić,PG,24,DAL,26,962,,.485,.571,.376,.568,.776,.610,.355,.442,,103,106,103,105,98,105,139,113,,29.7,43.7,doncilu01
119,Luguentz Dort,SF,24,OKC,24,671,,.446,.494,.406,.556,.820,.604,.328,.543,,95,92,111,102,104,104,128,139,,4.9,10.5,dortlu01
120,Ayo Dosunmu,SG,24,CHI,27,564,,.484,.580,.375,.572,.731,.590,.170,.471,,102,107,102,105,93,102,66,120,,8.7,3.5,dosunay01
,,,,,,,,,,,,,,,,,,,,,,,,,,,,-9999
,,,,,,,,,,,,,,,,,,,,,,,,,,,,-9999
121,Andre Drummond,C,30,CHI,29,385,,.515,.519,.000,.515,.606,.545,.485,.007,,109,96,,95,77,94,189,2,,-7.8,-11.1,drumman01
122,Chris Duarte,SF,26,SAC,23,285,,.362,.455,.298,.450,.778,.489,.225,.588,,77,84,81,83,99,84,88,150,,-14.9,-15.8,duartch01
123,Kris Dunn,PG,29,UTA,20,279,,.494,.525,.417,.554,.600,.561,.120,.289,,105,97,114,102,76,97,47,74,,1.8,-3.2,dunnkr01
124,Kevin Durant,PF,35,PHO,23,844,,.518,.532,.467,.570,.870,.633,.401,.223,,110,99,128,105,110,109,156,57,,25.4,60.4,duranke01
125,Jalen Duren,C,20,DET,14,404,,.630,.640,.000,.630,.571,.632,.220,.016,,133,119,,116,73,109,86,4,,22.0,14.6,durenja01
126,Tari Eason,PF,22,HOU,17,357,,.473,.495,.417,.531,.655,.550,.221,.275,,100,92,114,98,83,95,86,70,,-3.4,-8.5,easonta01
127,Anthony Edwards,SG,22,MIN,23,782,,.451,.486,.381,.515,.855,.567,.296,.332,,96,90,104,95,108,98,115,85,,-25.5,-11.8,edwaran01
128,Kessler Edwards,SF,23,SAC,21,115,,.419,.500,.368,.532,.500,.533,.065,.613,,89,93,101,98,63,92,25,157,,-0.7,-2.9,edwarke02
129,Keon Ellis,SG,24,SAC,19,262,,.446,.889,.375,.608,.667,.622,.231,.862,,95,165,102,112,85,107,90,221,,8.4,6.1,elliske01
130,Joel Embiid,C,29,PHI,24,819,,.541,.578,.333,.566,.893,.652,.537,.149,,115,107,91,104,113,113,210,38,,23.6,94.1,embiijo01
131,Drew Eubanks,C,26,PHO,26,444,,.607,.600,1.000,.616,.838,.659,.330,.018,,129,111,273,113,106,114,129,5,,16.3,20.4,eubandr01
132,Dante Exum,PG,28,DAL,24,418,,.570,.642,.426,.641,.706,.656,.239,.331,,121,119,116,118,90,113,93,85,,27.7,24.2,exumda01
133,Bruno Fernando,C,25,ATL,7,33,,.500,.533,.000,.500,.667,.536,.375,.062,,106,99,,92,85,93,146,16,,-1.4,-1.6,fernabr01
134,Dorian Finney-Smith,PF,30,BRK,25,733,,.464,.522,.435,.609,.750,.613,.039,.667,,98,97,119,112,95,106,15,171,,27.0,14.2,finnedo01
135,Malachi Flynn,PG,25,TOR,27,440,,.409,.491,.347,.508,.773,.534,.173,.567,,87,91,95,93,98,92,68,145,,-9.0,-12.3,flynnma01
136,Simone Fontecchio,SF,28,UTA,26,540,,.438,.544,.387,.568,.840,.591,.142,.676,,93,101,106,105,107,102,55,173,,8.7,4.4,fontesi01
137,Jordan Ford,PG,25,SAC,6,22,,.571,.500,.667,.714,1.000,.761,.286,.429,,121,93,182,131,127,131,111,110,,2.4,2.9,fordjo01
138,Trent Forrest,SG,25,ATL,7,61,,.200,.214,.000,.200,1.000,.298,.267,.067,,42,40,,37,127,52,104,17,,-10.3,-9.4,forretr01
139,Evan Fournier,SG,31,NYK,1,16,,.167,.500,.000,.167,,.167,.000,.667,,35,93,,31,,29,,171,,-4.5,-4.9,fournev01
140,De'Aaron Fox,PG,26,SAC,20,699,,.480,.530,.400,.556,.731,.595,.368,.379,,102,98,109,102,93,103,144,97,,11.2,15.7,foxde01
,,,,,,,,,,,,,,,,,,,,,,,,,,,,-9999
,,,,,,,,,,,,,,,,,,,,,,,,,,,,-9999
141,Alex Fudge,SF,20,LAL,4,14,,.167,.250,.000,.167,1.000,.291,.333,.333,,35,46,,31,127,50,130,85,,-4.5,-4.0,fudgeal01
142,Markelle Fultz,PG,25,ORL,5,143,,.482,.509,.000,.482,.750,.493,.071,.054,,102,94,,89,95,85,28,14,,-6.9,-9.9,fultzma01
143,Daniel Gafford,C,25,WAS,23,583,,.692,.692,,.692,.700,.708,.411,.000,,147,128,,127,89,122,160,,,43.3,44.3,gaffoda01
144,Danilo Gallinari,PF,35,WAS,23,351,,.446,.571,.310,.521,.857,.589,.405,.479,,95,106,85,96,109,102,158,123,,-5.5,2.9,gallida01
145,Darius Garland,PG,24,CLE,20,680,,.470,.530,.346,.526,.835,.573,.283,.324,,100,98,95,97,106,99,111,83,,-10.9,-4.1,garlada01
146,Luka Garza,C,25,MIN,6,18,,.333,.444,.000,.333,.625,.419,.667,.250,,71,82,,61,79,72,260,64,,-5.0,-5.0,garzalu01
147,Kaiser Gates,SF,27,NOP,1,7,,.000,.000,.000,.000,,.000,.000,.500,,,,,,,,,128,,-4.3,-4.6,gateska01
148,Keyonte George,PG,20,UTA,24,618,,.361,.407,.320,.446,.781,.500,.317,.530,,76,75,87,82,99,86,124,136,,-45.0,-41.6,georgke01
149,Paul George,PF,33,LAC,25,871,,.451,.502,.392,.542,.931,.589,.229,.463,,96,93,107,100,118,102,89,118,,-1.3,9.8,georgpa01
150,Taj Gibson,PF,38,NYK,4,27,,.400,.667,.000,.400,,.400,.000,.400,,85,123,,74,,69,,102,,-1.4,-1.8,gibsota01
151,Josh Giddey,SG,21,OKC,25,641,,.430,.463,.312,.464,.806,.484,.107,.220,,91,86,85,85,102,84,42,56,,-46.3,-57.8,giddejo01
152,Harry Giles,C,25,BRK,7,42,,.583,.684,.200,.604,.714,.628,.292,.208,,124,127,55,111,91,108,114,53,,2.9,2.6,gilesha01
153,Shai Gilgeous-Alexander,PG,25,OKC,24,832,,.538,.578,.325,.564,.914,.635,.399,.156,,114,107,89,104,116,110,156,40,,20.1,64.5,gilgesh01
154,Anthony Gill,PF,31,WAS,17,115,,.455,.577,.000,.455,.786,.523,.424,.212,,96,107,,84,100,90,166,54,,-5.9,-4.4,gillan01
155,Collin Gillespie,PG,24,DEN,11,86,,.400,.625,.250,.475,1.000,.489,.050,.600,,85,116,68,87,127,84,20,154,,-2.7,-3.7,gilleco01
156,Jacob Gilyard,PG,25,MEM,19,299,,.414,.333,.429,.595,1.000,.599,.017,.845,,88,62,117,109,127,103,7,216,,6.0,2.3,gilyaja01
157,Rudy Gobert,C,31,MIN,26,828,,.610,.610,,.610,.619,.630,.630,.000,,129,113,,112,79,109,246,,,26.6,26.2,goberru01
158,Jordan Goodwin,PG,25,PHO,27,495,,.382,.444,.307,.452,.870,.483,.139,.455,,81,82,84,83,110,83,54,116,,-30.3,-33.8,goodwjo01
159,Aaron Gordon,PF,28,DEN,25,800,,.515,.573,.250,.537,.579,.551,.284,.179,,109,106,68,99,73,95,111,46,,-3.3,-17.1,gordoaa01
160,Eric Gordon,SG,35,PHO,23,732,,.458,.550,.392,.573,.810,.584,.080,.584,,97,102,107,105,103,101,31,150,,15.3,2.9,gordoer01
,,,,,,,,,,,,,,,,,,,,,,,,,,,,-9999
,,,,,,,,,,,,,,,,,,,,,,,,,,,,-9999
161,Devonte' Graham,PG,28,SAS,5,52,,.333,.500,.250,.417,.714,.497,.583,.667,,71,93,68,77,91,86,228,171,,-3.0,-2.5,grahade01
162,Jerami Grant,PF,29,POR,22,779,,.457,.483,.412,.532,.837,.586,.331,.366,,97,89,113,98,106,101,129,94,,-8.3,5.5,grantje01
163,A.J. Green,SG,24,MIL,19,147,,.438,.500,.429,.625,1.000,.630,.021,.875,,93,93,117,115,127,109,8,224,,7.8,4.9,greenaj01
164,Danny Green,SG,36,PHI,2,18,,.000,.000,.000,.000,,.000,.000,.500,,,,,,,,,128,,-2.2,-2.3,greenda02
165,Draymond Green,PF,33,GSW,15,377,,.490,.532,.429,.577,.833,.619,.288,.404,,104,99,117,106,106,107,113,103,,7.0,9.3,greendr01
166,Jalen Green,SG,21,HOU,25,775,,.401,.451,.329,.468,.815,.526,.329,.412,,85,83,90,86,103,91,128,105,,-54.4,-43.9,greenja05
167,Jeff Green,PF,37,HOU,24,377,,.570,.667,.333,.618,.838,.700,.731,.290,,121,123,91,114,106,121,285,74,,13.9,29.6,greenje02
168,Josh Green,SG,23,DAL,18,454,,.422,.500,.365,.528,.529,.532,.156,.578,,89,93,100,97,67,92,61,148,,-3.5,-10.9,greenjo02
169,AJ Griffin,SF,20,ATL,12,110,,.294,.222,.320,.412,1.000,.430,.059,.735,,62,41,87,76,127,74,23,188,,-9.0,-10.4,griffaj01
170,Quentin Grimes,SG,23,NYK,25,541,,.381,.429,.367,.523,.400,.522,.032,.774,,81,79,100,96,51,90,13,198,,-6.5,-18.1,grimequ01
171,Mouhamed Gueye,PF,21,ATL,2,4,,.000,,.000,.000,,.000,.000,1.000,,,,,,,,,256,,-1.1,-1.2,gueyemo02
172,Rui Hachimura,PF,25,LAL,19,442,,.482,.530,.382,.544,.778,.573,.212,.324,,102,98,104,100,99,99,83,83,,.2,-2.2,hachiru01
173,Tyrese Haliburton,PG,23,IND,23,769,,.504,.579,.424,.607,.874,.647,.262,.486,,107,107,116,112,111,112,102,124,,49.9,59.3,halibty01
174,R.J. Hampton,PG,22,MIA,2,11,,.500,.000,1.000,.750,,.750,.000,.500,,106,,273,138,,130,,128,,.8,.7,hamptrj01
175,Tim Hardaway Jr.,SF,31,DAL,24,690,,.409,.496,.362,.526,.883,.560,.173,.646,,87,92,99,97,112,97,67,165,,-12.1,-14.5,hardati02
176,James Harden,SG,34,LAC,22,741,,.474,.535,.429,.597,.870,.667,.496,.573,,100,99,117,110,110,115,193,147,,24.9,49.7,hardeja01
177,Jaden Hardy,SG,21,DAL,23,303,,.392,.405,.377,.480,.655,.501,.196,.466,,83,75,103,88,83,86,76,119,,-18.8,-25.2,hardyja02
178,Ron Harper Jr.,PF,23,TOR,1,4,,,,,,,,,,,,,,,,,,,,.0,.0,harpero02
179,Gary Harris,SG,29,ORL,21,454,,.421,.656,.329,.539,.792,.570,.211,.719,,89,122,90,99,100,98,82,184,,-0.9,-2.3,harriga01
180,Joe Harris,SG,32,DET,11,132,,.323,.429,.292,.435,.500,.439,.065,.774,,68,79,80,80,63,76,25,198,,-6.7,-8.9,harrijo01
,,,,,,,,,,,,,,,,,,,,,,,,,,,,-9999
,,,,,,,,,,,,,,,,,,,,,,,,,,,,-9999
181,Shaquille Harrison,SG,30,MEM,3,6,,.500,.500,,.500,,.500,.000,.000,,106,93,,92,,86,,,,-0.2,-0.3,harrish01
182,Tobias Harris,PF,31,PHI,27,910,,.513,.570,.342,.555,.900,.607,.285,.250,,109,105,93,102,114,105,111,64,,7.6,20.2,harrito02
183,Isaiah Hartenstein,C,25,NYK,27,555,,.589,.596,.333,.593,.647,.618,.477,.028,,125,110,91,109,82,107,186,7,,10.7,10.1,harteis01
184,Josh Hart,SF,28,NYK,27,748,,.461,.540,.359,.539,.783,.558,.129,.438,,98,100,98,99,99,96,50,112,,-1.5,-7.9,hartjo01
185,Sam Hauser,SF,26,BOS,27,620,,.462,.640,.433,.648,.800,.655,.055,.863,,98,119,118,119,102,113,21,221,,38.2,28.1,hausesa01
186,Jordan Hawkins,SG,21,NOP,26,632,,.381,.429,.356,.498,.870,.535,.189,.656,,81,79,97,92,110,92,74,168,,-22.2,-23.0,hawkijo01
187,Jaxson Hayes,C,23,LAL,25,271,,.667,.727,.000,.667,.560,.661,.521,.083,,141,135,,123,71,114,203,21,,11.8,9.7,hayesja02
188,Killian Hayes,PG,22,DET,25,660,,.425,.471,.305,.467,.700,.492,.187,.276,,90,87,83,86,89,85,73,71,,-32.6,-40.2,hayeski01
189,Gordon Hayward,SF,33,CHO,23,743,,.468,.493,.373,.507,.759,.546,.280,.209,,99,91,102,93,96,94,109,54,,-20.5,-20.9,haywago01
190,Scoot Henderson,PG,19,POR,17,447,,.373,.448,.235,.415,.784,.452,.192,.352,,79,83,64,76,99,78,75,90,,-49.8,-53.4,hendesc01
191,Taylor Hendricks,PF,20,UTA,9,156,,.383,.474,.321,.479,.750,.505,.170,.596,,81,88,88,88,95,87,66,153,,-6.1,-7.5,hendrita01
192,Tyler Herro,SG,24,MIA,10,341,,.471,.504,.417,.551,.909,.586,.176,.385,,100,93,114,101,115,101,69,99,,2.8,2.6,herroty01
193,Buddy Hield,SF,31,IND,26,668,,.450,.596,.381,.579,.850,.591,.072,.680,,95,110,104,107,108,102,28,174,,19.9,6.8,hieldbu01
194,Haywood Highsmith,PF,27,MIA,18,390,,.427,.568,.339,.531,.750,.553,.167,.615,,90,105,93,98,95,96,65,157,,-2.3,-5.3,highsha01
195,Nate Hinton,SG,24,HOU,4,16,,.500,.000,1.000,.750,,.750,.000,.500,,106,,273,138,,130,,128,,2.5,2.1,hintona01
196,D'Moi Hodge,SG,25,LAL,7,41,,.333,.667,.250,.433,.500,.441,.133,.800,,71,123,68,80,63,76,52,205,,-3.3,-4.4,hodgedm01
197,Aaron Holiday,PG,27,HOU,23,420,,.455,.484,.429,.567,.867,.587,.112,.522,,96,90,117,104,110,101,44,134,,6.4,2.2,holidaa01
198,Jrue Holiday,PG,33,BOS,25,863,,.448,.484,.398,.531,.853,.554,.126,.419,,95,90,109,98,108,96,49,107,,-6.4,-14.0,holidjr01
199,Justin Holiday,SG,34,DEN,16,260,,.527,.647,.474,.691,,.691,.000,.691,,112,120,129,127,,119,,177,,16.2,12.3,holidju01
200,Richaun Holmes,C,30,DAL,14,140,,.455,.455,,.455,.467,.467,.455,.000,,96,84,,84,59,81,177,,,-5.9,-8.9,holmeri01
,,,,,,,,,,,,,,,,,,,,,,,,,,,,-9999
,,,,,,,,,,,,,,,,,,,,,,,,,,,,-9999
201,Chet Holmgren,C,21,OKC,25,743,,.521,.600,.373,.586,.871,.635,.318,.349,,110,111,102,108,111,110,124,89,,24.6,37.4,holmgch01
202,Jalen Hood-Schifino,SG,20,LAL,5,52,,.222,.300,.125,.250,.500,.312,.556,.444,,47,56,34,46,63,54,217,114,,-10.6,-11.9,hoodsja01
203,Al Horford,C,37,BOS,23,613,,.472,.648,.364,.585,1.000,.601,.070,.620,,100,120,99,108,127,104,27,159,,11.7,6.4,horfoal01
204,Talen Horton-Tucker,PG,23,UTA,28,641,,.416,.463,.339,.481,.811,.514,.185,.381,,88,86,93,88,103,89,72,98,,-35.8,-40.2,hortota01
205,Danuel House Jr.,SF,30,PHI,16,187,,.438,.476,.407,.552,.786,.591,.292,.562,,93,88,111,102,100,102,114,144,,.8,1.3,houseda01
206,Caleb Houstan,SF,21,ORL,17,173,,.417,.750,.386,.594,1.000,.626,.146,.917,,88,139,106,109,127,108,57,235,,4.8,4.8,houstca01
207,Jett Howard,SF,20,ORL,8,34,,.267,.500,.182,.333,.500,.346,.133,.733,,57,93,50,61,63,60,52,188,,-6.3,-7.4,howarje01
208,Kevin Huerter,SG,25,SAC,25,637,,.435,.549,.363,.546,.773,.559,.093,.616,,92,102,99,101,98,97,36,158,,1.4,-9.7,huertke01
209,Jay Huff,C,25,DEN,2,2,,1.000,1.000,,1.000,,1.000,.000,.000,,212,185,,184,,173,,,,.9,.8,huffja01
210,De'Andre Hunter,SF,26,ATL,24,727,,.460,.503,.404,.547,.907,.601,.283,.430,,98,93,110,101,115,104,110,110,,2.0,12.9,huntede01
211,Bones Hyland,PG,23,LAC,13,210,,.406,.455,.365,.505,.900,.528,.104,.542,,86,84,100,93,114,91,41,139,,-7.3,-10.3,hylanbo01
212,Joe Ingles,SF,36,ORL,24,437,,.404,.400,.407,.532,.895,.572,.202,.628,,86,74,111,98,114,99,79,161,,-2.2,-1.6,inglejo01
213,Brandon Ingram,SF,26,NOP,25,839,,.501,.553,.330,.539,.812,.584,.299,.231,,106,102,90,99,103,101,117,59,,-3.6,4.8,ingrabr01
214,Kyrie Irving,SG,31,DAL,17,541,,.471,.520,.384,.540,.903,.580,.200,.361,,100,96,105,99,115,100,78,92,,-1.9,.4,irvinky01
215,Jonathan Isaac,PF,26,ORL,19,259,,.458,.620,.283,.526,.806,.575,.323,.479,,97,115,77,97,102,99,126,123,,-3.3,-1.0,isaacjo01
216,Jaden Ivey,SG,21,DET,23,554,,.450,.540,.278,.498,.781,.549,.346,.341,,95,100,76,92,99,95,135,87,,-19.3,-14.6,iveyja01
217,Andre Jackson Jr.,SG,22,MIL,21,221,,.595,.737,.478,.726,.500,.723,.048,.548,,126,136,131,134,63,125,19,140,,15.4,12.3,jacksan01
218,Gregory Jackson II,PF,19,MEM,4,19,,.300,.200,.400,.400,,.400,.000,.500,,64,37,109,74,,69,,128,,-2.9,-3.6,jacksgg01
219,Isaiah Jackson,C,22,IND,18,266,,.674,.690,.000,.674,.694,.692,.419,.023,,143,128,,124,88,120,163,6,,22.5,23.1,jacksis01
220,Jaren Jackson Jr.,C,24,MEM,26,818,,.447,.509,.313,.496,.827,.562,.397,.317,,95,94,86,91,105,97,155,81,,-39.7,-16.5,jacksja02
,,,,,,,,,,,,,,,,,,,,,,,,,,,,-9999
,,,,,,,,,,,,,,,,,,,,,,,,,,,,-9999
221,Reggie Jackson,PG,33,DEN,29,739,,.494,.554,.397,.570,.714,.583,.134,.385,,105,103,108,105,91,101,52,99,,16.7,2.9,jacksre01
222,Trayce Jackson-Davis,PF,23,GSW,16,161,,.595,.595,,.595,.630,.622,.643,.000,,126,110,,110,80,107,251,,,4.4,4.6,jackstr02
223,LeBron James,PF,39,LAL,26,886,,.540,.611,.392,.604,.723,.631,.326,.326,,114,113,107,111,92,109,127,83,,54.6,53.8,jamesle01
224,Jaime Jaquez Jr.,SF,22,MIA,28,791,,.505,.561,.373,.561,.842,.594,.204,.297,,107,104,102,103,107,103,80,76,,9.8,8.8,jaqueja01
225,DaQuan Jeffries,SG,26,NYK,10,30,,.417,.571,.200,.458,.000,.427,.167,.417,,88,106,55,84,,74,65,107,,-2.0,-3.9,jeffrda01
226,Ty Jerome,SG,26,CLE,2,15,,.500,.667,.000,.500,,.500,.000,.250,,106,123,,92,,86,,64,,-0.3,-0.6,jeromty01
227,Isaiah Joe,SG,24,OKC,25,509,,.438,.487,.424,.604,.844,.630,.180,.781,,93,90,116,111,107,109,70,200,,21.5,19.5,joeis01
228,Cameron Johnson,PF,27,BRK,20,577,,.453,.518,.395,.558,.800,.576,.128,.530,,96,96,108,103,102,100,50,136,,6.7,-1.3,johnsca02
229,James Johnson,PF,36,IND,3,16,,.500,.500,,.500,,.500,.000,.000,,106,93,,92,,86,,,,-0.2,-0.3,johnsja01
230,Jalen Johnson,SF,22,ATL,15,449,,.594,.660,.425,.654,.758,.673,.231,.280,,126,122,116,120,96,116,90,72,,31.6,29.6,johnsja05
231,Keldon Johnson,SF,24,SAS,25,827,,.473,.552,.358,.546,.782,.581,.257,.405,,100,102,98,100,99,100,100,104,,1.7,1.2,johnske04
232,Keyontae Johnson,SF,23,OKC,1,6,,.000,.000,,.000,,.000,.000,.000,,,,,,,,,,,-1.1,-1.2,johnske08
233,Nikola Jokić,C,28,DEN,28,938,,.539,.592,.320,.570,.787,.610,.316,.193,,114,110,88,105,100,105,124,49,,28.6,37.4,jokicni01
234,Colby Jones,SG,21,SAC,11,75,,.452,.565,.125,.468,.667,.480,.097,.258,,96,105,34,86,85,83,38,66,,-4.7,-6.4,jonesco02
235,Damian Jones,C,28,CLE,11,54,,.500,.500,,.500,.500,.507,.250,.000,,106,93,,92,63,88,98,,,-0.7,-1.3,jonesda03
236,Derrick Jones Jr.,SF,26,DAL,26,642,,.480,.643,.360,.583,.767,.609,.217,.576,,102,119,98,107,97,105,85,147,,15.8,12.8,jonesde02
237,Herbert Jones,SF,25,NOP,25,751,,.477,.591,.321,.545,.861,.605,.362,.422,,101,110,88,100,109,104,141,108,,.7,11.8,joneshe01
238,Tre Jones,PG,24,SAS,22,515,,.453,.538,.261,.493,.844,.533,.213,.307,,96,100,71,91,107,92,83,79,,-15.0,-15.0,jonestr01
239,Tyus Jones,PG,27,WAS,26,711,,.526,.599,.388,.593,.765,.601,.069,.344,,112,111,106,109,97,104,27,88,,24.6,11.3,jonesty01
240,DeAndre Jordan,C,35,DEN,11,153,,.579,.579,,.579,.355,.533,.816,.000,,123,107,,107,45,92,318,,,2.7,-4.8,jordade01
,,,,,,,,,,,,,,,,,,,,,,,,,,,,-9999
,,,,,,,,,,,,,,,,,,,,,,,,,,,,-9999
241,Cory Joseph,PG,32,GSW,12,127,,.290,.455,.200,.355,.571,.381,.226,.645,,62,84,55,65,73,66,88,165,,-11.7,-13.5,josepco01
242,Nikola Jović,PF,20,MIA,4,48,,.333,.200,.429,.458,.750,.509,.333,.583,,71,37,117,84,95,88,130,149,,-2.0,-1.9,jovicni01
243,Johnny Juzang,SG,22,UTA,1,4,,.000,,.000,.000,,.000,.000,1.000,,,,,,,,,256,,-2.2,-2.3,juzanjo01
244,Luke Kennard,SG,27,MEM,8,172,,.362,.333,.370,.509,1.000,.540,.121,.793,,77,62,101,94,127,93,47,203,,-4.0,-4.7,kennalu01
245,Walker Kessler,C,22,UTA,20,507,,.580,.624,.154,.587,.533,.589,.217,.094,,123,116,42,108,68,102,85,24,,12.0,2.9,kesslwa01
246,Braxton Key,SF,26,DEN,6,15,,.200,.333,.000,.200,.500,.255,.400,.400,,42,62,,37,63,44,156,102,,-3.4,-3.8,keybr01
247,Corey Kispert,SF,24,WAS,25,576,,.452,.581,.381,.575,.740,.600,.240,.644,,96,108,104,106,94,104,94,165,,12.9,9.6,kispeco01
248,Maxi Kleber,C,32,DAL,5,90,,.250,.143,.333,.344,.600,.417,.625,.562,,53,26,91,63,76,72,244,144,,-6.4,-6.6,klebima01
249,Kevin Knox,SF,24,DET,10,150,,.479,.591,.385,.583,.800,.598,.104,.542,,102,109,105,107,102,103,41,139,,3.8,1.9,knoxke01
250,John Konchar,SF,27,MEM,21,374,,.353,.417,.318,.456,.750,.475,.118,.647,,75,77,87,84,95,82,46,166,,-11.9,-14.8,konchjo01
251,Furkan Korkmaz,SG,26,PHI,19,130,,.343,.438,.263,.414,.778,.462,.257,.543,,73,81,72,76,99,80,100,139,,-9.0,-9.1,korkmfu01
252,Luke Kornet,C,28,BOS,17,220,,.744,.744,,.744,.833,.766,.279,.000,,158,138,,137,106,132,109,,,17.3,18.1,kornelu01
253,Jonathan Kuminga,PF,21,GSW,26,548,,.492,.554,.317,.533,.645,.562,.388,.263,,104,103,87,98,82,97,151,67,,-4.8,-9.4,kuminjo01
254,Kyle Kuzma,PF,28,WAS,26,808,,.471,.528,.363,.533,.779,.561,.191,.344,,100,98,99,98,99,97,75,88,,-10.2,-20.0,kuzmaky01
255,Jock Landale,C,28,HOU,16,136,,.357,.444,.200,.393,1.000,.437,.143,.357,,76,82,55,72,127,75,56,91,,-8.4,-8.5,landajo01
256,Jake LaRavia,PF,22,MEM,8,99,,.344,.667,.150,.391,.500,.395,.062,.625,,73,123,41,72,63,68,24,160,,-9.8,-12.1,laravja01
257,Zach LaVine,SG,28,CHI,18,635,,.443,.524,.336,.515,.866,.566,.275,.430,,94,97,92,95,110,98,107,110,,-16.9,-8.9,lavinza01
258,A.J. Lawson,SG,23,DAL,10,68,,.429,.667,.250,.500,.500,.506,.214,.571,,91,123,68,92,63,87,84,146,,-2.4,-4.5,lawsoaj01
259,Saben Lee,PG,24,PHO,4,11,,.571,.667,.000,.571,1.000,.635,.286,.143,,121,123,,105,127,110,111,37,,.4,.9,leesa01
260,Alex Len,C,30,SAC,6,41,,.750,.857,.000,.750,.429,.677,.875,.125,,159,159,,138,54,117,341,32,,3.3,2.2,lenal01
,,,,,,,,,,,,,,,,,,,,,,,,,,,,-9999
,,,,,,,,,,,,,,,,,,,,,,,,,,,,-9999
261,Kawhi Leonard,SF,32,LAC,27,932,,.521,.564,.429,.589,.877,.631,.261,.314,,110,104,117,108,111,109,102,80,,42.4,53.8,leonaka01
262,Caris LeVert,SG,29,CLE,21,623,,.417,.479,.325,.482,.750,.518,.240,.403,,88,89,89,89,95,89,94,103,,-34.6,-38.4,leverca01
263,Kira Lewis Jr.,PG,22,NOP,13,131,,.319,.433,.118,.340,.889,.392,.191,.362,,68,80,32,63,113,68,75,93,,-19.1,-19.0,lewiski01
264,Maxwell Lewis,SF,21,LAL,12,53,,.111,.000,.333,.167,,.167,.000,.333,,24,,91,31,,29,,85,,-6.8,-7.4,lewisma05
265,E.J. Liddell,PF,23,NOP,3,9,,.250,1.000,.000,.250,1.000,.410,.500,.750,,53,185,,46,127,71,195,192,,-2.3,-1.7,liddeej01
266,Damian Lillard,PG,33,MIL,25,884,,.441,.509,.374,.536,.919,.624,.480,.503,,94,94,102,99,117,108,187,129,,-6.8,47.7,lillada01
267,Nassir Little,PF,23,PHO,20,324,,.494,.667,.364,.597,.833,.630,.234,.571,,105,123,99,110,106,109,91,146,,8.3,8.6,littlna01
268,Dereck Lively II,C,19,DAL,23,582,,.734,.746,.000,.734,.586,.728,.227,.016,,156,138,,135,74,126,88,4,,48.9,42.0,livelde01
269,Isaiah Livers,PF,25,DET,13,266,,.284,.360,.245,.365,.727,.393,.149,.662,,60,67,67,67,92,68,58,170,,-26.4,-29.3,liveris01
270,Chris Livingston,SF,20,MIL,5,21,,.750,.667,1.000,.875,,.875,.000,.250,,159,123,273,161,,151,,64,,2.7,2.4,livinch01
271,Kenneth Lofton Jr.,PF,21,MEM,15,99,,.378,.407,.300,.419,.533,.447,.405,.270,,80,75,82,77,68,77,158,69,,-9.2,-11.5,loftoke01
272,Kevon Looney,C,27,GSW,27,588,,.560,.560,,.560,.697,.587,.303,.000,,119,104,,103,88,101,118,,,3.5,1.9,looneke01
273,Brook Lopez,C,35,MIL,27,829,,.491,.652,.338,.577,.818,.606,.203,.513,,104,121,92,106,104,105,79,131,,18.5,16.1,lopezbr01
274,Robin Lopez,C,35,MIL,7,21,,.250,.000,.333,.375,1.000,.512,.500,.750,,53,,91,69,127,88,195,192,,-1.3,-0.7,lopezro01
275,Kevin Love,PF,35,MIA,21,404,,.427,.590,.369,.563,.821,.601,.260,.740,,90,109,101,104,104,104,101,189,,6.0,7.4,loveke01
276,Kyle Lowry,PG,37,MIA,26,764,,.451,.474,.440,.602,.829,.628,.192,.687,,95,88,120,111,105,108,75,176,,21.2,19.4,lowryky01
277,Seth Lundy,SF,23,ATL,2,10,,.500,1.000,.000,.500,,.500,.000,.500,,106,185,,92,,86,,128,,-0.2,-0.3,lundyse01
278,Trey Lyles,PF,28,SAC,13,260,,.408,.706,.315,.528,.632,.548,.268,.761,,87,131,86,97,80,95,104,195,,-2.2,-4.9,lylestr01
279,Théo Maledon,PG,22,CHO,13,200,,.288,.389,.167,.326,.917,.379,.182,.455,,61,72,46,60,116,65,71,116,,-28.7,-28.6,maledth01
280,Sandro Mamukelashvili,C,24,SAS,11,84,,.360,.500,.267,.440,.833,.488,.240,.600,,76,93,73,81,106,84,94,154,,-5.2,-5.0,mamuksa01
,,,,,,,,,,,,,,,,,,,,,,,,,,,,-9999
,,,,,,,,,,,,,,,,,,,,,,,,,,,,-9999
281,Terance Mann,SG,27,LAC,21,559,,.431,.600,.233,.485,.682,.505,.169,.462,,91,111,64,89,87,87,66,118,,-15.3,-20.8,mannte01
282,Tre Mann,PG,22,OKC,9,92,,.500,.579,.385,.578,1.000,.586,.031,.406,,106,107,105,106,127,101,12,104,,2.2,.4,manntr01
283,Boban Marjanović,C,35,HOU,3,20,,.556,.625,.000,.556,.000,.530,.111,.111,,118,116,,102,,91,43,28,,.2,-0.9,marjabo01
284,Lauri Markkanen,PF,26,UTA,19,629,,.484,.587,.381,.579,.848,.626,.319,.500,,103,109,104,107,108,108,125,128,,22.1,33.5,markkla01
285,Naji Marshall,SF,26,NOP,19,380,,.452,.467,.436,.557,.811,.602,.322,.478,,96,86,119,102,103,104,126,122,,3.0,6.0,marshna01
286,Caleb Martin,SF,28,MIA,18,485,,.443,.479,.371,.505,.676,.525,.186,.339,,94,89,101,93,86,91,73,87,,-13.9,-21.3,martica02
287,KJ Martin,SF,23,TOT,16,112,,.464,.545,.167,.482,.500,.492,.286,.214,,98,101,46,89,63,85,111,55,,-3.4,-5.5,martike04
288,KJ Martin,SF,23,LAC,2,31,,.400,.600,.200,.450,.500,.460,.200,.500,,85,111,55,83,63,79,78,128,,-1.9,-2.6,martike04
289,KJ Martin,SF,23,PHI,14,81,,.500,.529,.000,.500,.500,.509,.333,.056,,106,98,,92,63,88,130,14,,-1.6,-2.9,martike04
290,Garrison Mathews,SG,27,ATL,15,164,,.469,,.469,.703,.000,.694,.031,1.000,,99,,128,129,,120,12,256,,10.2,7.4,mathega01
291,Bennedict Mathurin,SF,21,IND,26,664,,.452,.480,.389,.512,.849,.564,.297,.310,,96,89,106,94,108,97,116,79,,-18.2,-9.7,mathube01
292,Wesley Matthews,SG,37,ATL,16,192,,.263,.444,.207,.342,.737,.431,.500,.763,,56,82,57,63,94,74,195,195,,-15.3,-13.7,matthwe02
293,Tyrese Maxey,PG,23,PHI,26,962,,.462,.509,.400,.548,.901,.600,.280,.427,,98,94,109,101,114,104,109,109,,4.2,23.4,maxeyty01
294,Skylar Mays,PG,26,POR,15,290,,.406,.477,.293,.462,.846,.488,.123,.387,,86,88,80,85,107,84,48,99,,-17.2,-20.4,mayssk01
295,Miles McBride,PG,23,NYK,17,81,,.500,.667,.412,.635,.500,.632,.077,.654,,106,123,113,117,63,109,30,167,,4.7,2.9,mcbrimi01
296,CJ McCollum,PG,32,NOP,15,497,,.464,.484,.442,.570,.826,.599,.196,.481,,98,90,121,105,105,104,76,123,,12.6,10.4,mccolcj01
297,T.J. McConnell,PG,31,IND,20,317,,.522,.556,.100,.526,.727,.546,.162,.074,,111,103,27,97,92,94,63,19,,-4.8,-9.7,mccontj01
298,Jalen McDaniels,SF,26,TOR,16,141,,.265,.360,.167,.306,1.000,.321,.041,.490,,56,67,46,56,127,55,16,125,,-23.3,-25.8,mcdanja01
299,Jaden McDaniels,SF,23,MIN,16,397,,.563,.647,.390,.627,.667,.631,.071,.325,,119,120,107,115,85,109,28,83,,21.1,13.5,mcdanja02
300,Doug McDermott,SF,32,SAS,24,395,,.440,.407,.449,.612,.800,.623,.086,.767,,93,75,123,113,102,108,34,196,,15.9,10.6,mcderdo01
,,,,,,,,,,,,,,,,,,,,,,,,,,,,-9999
,,,,,,,,,,,,,,,,,,,,,,,,,,,,-9999
301,JaVale McGee,C,36,SAC,23,200,,.676,.686,.000,.676,.500,.663,.310,.014,,143,127,,124,63,115,121,4,,18.8,13.6,mcgeeja01
302,Bryce McGowens,SG,21,CHO,21,367,,.457,.541,.386,.562,.769,.600,.321,.543,,97,100,106,103,98,104,125,139,,3.0,3.9,mcgowbr01
303,Jordan McLaughlin,PG,27,MIN,9,35,,.400,.000,.667,.600,1.000,.680,.400,.600,,85,,182,110,127,117,156,154,,.6,1.2,mclaujo01
304,De'Anthony Melton,SG,25,PHI,27,777,,.395,.429,.369,.500,.812,.541,.245,.571,,84,79,101,92,103,93,96,146,,-22.7,-21.9,meltode01
305,Nathan Mensah,C,25,CHO,3,49,,.500,.500,,.500,1.000,.581,.333,.000,,106,93,,92,127,100,130,,,-0.5,.0,mensana01
306,Sam Merrill,SG,27,CLE,15,164,,.449,.250,.475,.659,.750,.664,.058,.884,,95,46,130,121,95,115,23,226,,16.0,12.0,merrisa01
307,Chimezie Metu,C,26,PHO,17,182,,.500,.643,.333,.577,.750,.602,.231,.462,,106,119,91,106,95,104,90,118,,3.5,2.7,metuch01
308,Vasilije Micić,PG,30,OKC,10,122,,.333,.417,.278,.417,.667,.444,.200,.600,,71,77,76,77,85,77,78,154,,-7.6,-8.8,micicva01
309,Khris Middleton,SF,32,MIL,22,508,,.472,.537,.360,.539,.818,.569,.189,.369,,100,100,99,99,104,98,74,94,,-2.2,-5.3,middlkh01
310,Brandon Miller,SF,21,CHO,24,774,,.437,.472,.382,.511,.792,.535,.152,.389,,93,87,104,94,100,92,59,100,,-20.4,-29.4,millebr02
311,Jordan Miller,SF,24,LAC,3,12,,.667,.500,1.000,.833,,.833,.000,.333,,141,93,273,153,,144,,85,,1.7,1.5,millejo02
312,Leonard Miller,SF,20,MIN,3,6,,.500,.500,,.500,,.500,.000,.000,,106,93,,92,,86,,,,-0.2,-0.3,millele01
313,Patty Mills,PG,35,ATL,4,35,,.300,.000,.429,.450,,.450,.000,.700,,64,,117,83,,78,,179,,-1.9,-2.6,millspa02
314,Shake Milton,SG,27,MIN,25,383,,.374,.449,.244,.419,.837,.490,.350,.366,,79,83,67,77,106,85,136,94,,-30.7,-25.4,miltosh01
315,Justin Minaya,SF,24,POR,6,38,,.333,.000,.500,.500,.500,.509,.333,.667,,71,,137,92,63,88,130,171,,-0.5,-1.0,minayju01
316,Josh Minott,SF,21,MIN,11,27,,.571,.889,.000,.571,.667,.601,.429,.357,,121,165,,105,85,104,167,91,,.8,.7,minotjo01
317,Davion Mitchell,PG,25,SAC,20,282,,.346,.432,.273,.420,.769,.450,.160,.543,,73,80,75,77,98,78,63,139,,-20.0,-22.4,mitchda01
318,Donovan Mitchell,SG,27,CLE,22,803,,.453,.526,.351,.526,.887,.579,.284,.415,,96,97,96,97,113,100,111,106,,-16.6,.2,mitchdo01
319,Evan Mobley,PF,22,CLE,21,705,,.573,.588,.200,.577,.769,.607,.262,.040,,121,109,55,106,98,105,102,10,,16.5,15.6,mobleev01
320,Isaiah Mobley,PF,24,CLE,2,10,,.333,.500,.000,.333,,.333,.000,.333,,71,93,,61,,58,,85,,-1.3,-1.5,mobleis01
,,,,,,,,,,,,,,,,,,,,,,,,,,,,-9999
,,,,,,,,,,,,,,,,,,,,,,,,,,,,-9999
321,Malik Monk,SG,25,SAC,26,656,,.431,.446,.419,.552,.897,.596,.236,.580,,91,83,115,102,114,103,92,148,,5.0,10.8,monkma01
322,Moses Moody,SG,21,GSW,27,508,,.474,.593,.345,.557,.750,.587,.251,.480,,100,110,94,103,95,101,98,123,,4.8,2.9,moodymo01
323,Xavier Moon,SG,29,LAC,2,12,,.500,1.000,.000,.500,,.500,.000,.500,,106,185,,92,,86,,128,,-0.2,-0.3,moonxa01
324,Wendell Moore Jr.,SG,22,MIN,6,14,,.333,1.000,.000,.333,,.333,.000,.667,,71,185,,61,,58,,171,,-1.3,-1.5,moorewe01
325,Ja Morant,PG,24,MEM,1,35,,.500,.632,.000,.500,.833,.581,.500,.208,,106,117,,92,106,100,195,53,,-2.1,.1,moranja01
326,Markieff Morris,PF,34,DAL,11,114,,.342,.400,.304,.434,,.434,.000,.605,,72,74,83,80,,75,,155,,-8.3,-11.0,morrima02
327,Marcus Morris,PF,34,PHI,19,261,,.506,.478,.541,.627,1.000,.640,.060,.446,,107,89,148,115,127,110,24,114,,13.8,10.3,morrima03
328,Trey Murphy III,SF,23,NOP,8,202,,.487,.625,.396,.606,.846,.651,.325,.600,,103,116,108,112,107,112,127,154,,10.1,13.1,murphtr02
329,Dejounte Murray,SG,27,ATL,27,927,,.452,.495,.374,.519,.848,.550,.173,.357,,96,92,102,95,108,95,68,92,,-22.6,-28.4,murrade01
330,Jamal Murray,PG,26,DEN,15,435,,.458,.472,.432,.536,.921,.571,.169,.360,,97,87,118,99,117,99,66,92,,-3.5,-4.0,murraja01
331,Keegan Murray,SF,23,SAC,22,705,,.447,.538,.370,.548,.860,.574,.151,.542,,95,100,101,101,109,99,59,139,,2.3,-2.8,murrake02
332,Kris Murray,SF,23,POR,13,144,,.324,.308,.333,.432,.600,.446,.135,.649,,69,57,91,80,76,77,53,166,,-8.2,-10.4,murrakr01
333,Mike Muscala,C,32,WAS,14,180,,.385,.562,.261,.462,.875,.543,.410,.590,,81,104,71,85,111,94,160,151,,-6.4,-3.3,muscami01
334,Svi Mykhailiuk,SF,26,BOS,11,83,,.280,.600,.200,.360,,.360,.000,.800,,59,111,55,66,,62,,205,,-9.2,-11.0,mykhasv01
335,Larry Nance Jr.,C,31,NOP,14,211,,.500,.581,.273,.536,.500,.538,.190,.262,,106,108,75,99,63,93,74,67,,-0.6,-3.7,nancela02
336,Andrew Nembhard,PG,24,IND,17,308,,.456,.558,.243,.496,.667,.504,.079,.325,,97,103,66,91,85,87,31,83,,-10.9,-17.6,nembhan01
337,Aaron Nesmith,SF,24,IND,24,589,,.548,.636,.470,.673,.682,.682,.234,.532,,116,118,128,124,87,118,91,136,,48.7,42.8,nesmiaa01
338,Georges Niang,PF,30,CLE,28,625,,.399,.494,.336,.500,.933,.517,.072,.601,,85,91,92,92,118,89,28,154,,-18.1,-26.5,niangge01
339,Daishen Nix,PG,21,MIN,6,21,,.375,.333,.400,.500,.000,.450,.250,.625,,79,62,109,92,,78,98,160,,-0.7,-2.3,nixda01
340,Zeke Nnaji,PF,23,DEN,23,247,,.500,.527,.364,.530,.629,.565,.530,.167,,106,98,99,98,80,98,207,43,,-1.7,-2.3,nnajize01
,,,,,,,,,,,,,,,,,,,,,,,,,,,,-9999
,,,,,,,,,,,,,,,,,,,,,,,,,,,,-9999
341,Jaylen Nowell,SG,24,MEM,9,156,,.400,.562,.174,.436,1.000,.453,.055,.418,,85,104,48,80,127,78,21,107,,-11.8,-14.2,nowelja01
342,Markquis Nowell,SG,24,TOR,1,4,,.000,.000,,.000,1.000,.532,2.000,.000,,,,,,127,92,780,,,-1.1,-0.2,nowelma01
343,Jusuf Nurkić,C,29,PHO,27,769,,.464,.528,.266,.496,.711,.540,.372,.245,,98,98,73,91,90,93,145,63,,-24.7,-23.7,nurkiju01
344,Jordan Nwora,SF,25,IND,10,118,,.482,.594,.333,.554,.857,.575,.125,.429,,102,110,91,102,109,99,49,110,,1.1,-0.4,nworajo01
345,Chuma Okeke,SF,25,ORL,13,61,,.389,.500,.333,.500,,.500,.000,.667,,82,93,91,92,,86,,171,,-1.6,-2.8,okekech01
346,Josh Okogie,SG,25,PHO,23,491,,.417,.544,.275,.481,.767,.558,.556,.472,,88,101,75,89,97,96,217,121,,-13.4,-5.7,okogijo01
347,Onyeka Okongwu,C,23,ATL,27,663,,.586,.667,.297,.618,.850,.665,.355,.219,,124,123,81,114,108,115,139,56,,25.3,33.7,okongon01
348,Isaac Okoro,SF,23,CLE,19,466,,.476,.531,.390,.552,.625,.571,.305,.390,,101,98,107,102,79,99,119,100,,1.9,-1.9,okorois01
349,Kelly Olynyk,C,32,UTA,26,561,,.537,.610,.413,.614,.878,.663,.333,.374,,114,113,113,113,111,114,130,96,,17.3,23.7,olynyke01
350,Eugene Omoruyi,SF,26,WAS,15,86,,.595,.690,.385,.655,.765,.687,.405,.310,,126,128,105,120,97,119,158,79,,9.4,10.7,omorueu01
351,Royce O'Neale,SF,30,BRK,26,719,,.377,.345,.383,.538,.583,.542,.066,.842,,80,64,105,99,74,94,26,215,,-1.9,-14.1,onealro01
352,Cedi Osman,SF,28,SAS,26,501,,.477,.598,.372,.577,.714,.592,.159,.534,,101,111,102,106,91,102,62,137,,11.7,4.9,osmande01
353,Kelly Oubre Jr.,SF,28,PHI,16,407,,.485,.589,.343,.558,.725,.583,.242,.424,,103,109,94,103,92,101,95,109,,4.7,1.5,oubreke01
354,Chris Paul,PG,38,GSW,24,659,,.396,.465,.314,.468,.909,.509,.176,.460,,84,86,86,86,115,88,69,118,,-28.2,-28.4,paulch01
355,Cameron Payne,PG,29,MIL,27,445,,.453,.533,.390,.562,.941,.588,.124,.562,,96,99,106,103,119,102,48,144,,5.1,2.7,payneca01
356,Gary Payton II,SG,31,GSW,14,242,,.479,.581,.321,.542,.667,.554,.127,.394,,101,108,88,100,85,96,49,101,,-0.2,-3.8,paytoga02
357,Filip Petrušev,C,23,TOT,3,10,,.500,.500,,.500,.500,.521,1.000,.000,,106,93,,92,63,90,390,,,-0.2,-0.3,petrufi01
358,Filip Petrušev,C,23,PHI,1,3,,,,,,,,,,,,,,,,,,,,.0,.0,petrufi01
359,Filip Petrušev,C,23,SAC,2,7,,.500,.500,,.500,.500,.521,1.000,.000,,106,93,,92,63,90,390,,,-0.2,-0.3,petrufi01
360,Julian Phillips,SF,20,CHI,16,70,,.294,.556,.000,.294,.250,.293,.235,.471,,62,103,,54,32,51,92,120,,-8.5,-10.7,phillju01
,,,,,,,,,,,,,,,,,,,,,,,,,,,,-9999
,,,,,,,,,,,,,,,,,,,,,,,,,,,,-9999
361,Jalen Pickett,SG,24,DEN,12,77,,.476,.667,.400,.619,1.000,.640,.095,.714,,101,123,109,114,127,110,37,183,,3.2,2.7,pickeja02
362,Mason Plumlee,C,33,LAC,6,102,,.632,.632,,.632,.429,.596,.737,.000,,134,117,,116,54,103,288,,,3.4,.9,plumlma01
363,Brandin Podziemski,SG,20,GSW,21,451,,.456,.494,.400,.537,.652,.550,.154,.403,,97,92,109,99,83,95,60,103,,-1.9,-9.3,podzibr01
364,Jakob Poeltl,C,28,TOR,27,702,,.725,.725,,.725,.509,.707,.309,.000,,154,134,,133,65,122,121,,,64.5,51.8,poeltja01
365,Aleksej Pokusevski,PF,22,OKC,7,43,,.182,.333,.125,.227,.500,.253,.182,.727,,39,62,34,42,63,44,71,186,,-7.0,-7.8,pokusal01
366,Jordan Poole,SG,24,WAS,25,734,,.416,.484,.325,.485,.864,.528,.216,.427,,88,90,89,89,110,91,84,109,,-43.6,-41.6,poolejo01
367,Craig Porter Jr.,PG,23,CLE,17,249,,.511,.532,.364,.533,.714,.567,.311,.122,,108,98,99,98,91,98,121,31,,-1.8,-2.5,portecr01
368,Michael Porter Jr.,SF,25,DEN,29,904,,.467,.557,.385,.568,.750,.580,.103,.526,,99,103,105,105,95,100,40,135,,19.1,.9,portemi01
369,Otto Porter Jr.,SF,30,TOR,11,130,,.385,.429,.368,.519,1.000,.530,.038,.731,,81,79,101,96,127,91,15,187,,-1.3,-2.6,porteot01
370,Bobby Portis,PF,28,MIL,27,646,,.513,.571,.364,.564,.810,.586,.153,.280,,109,106,99,104,103,101,60,72,,11.1,4.1,portibo01
371,Kristaps Porziņģis,C,28,BOS,20,604,,.529,.655,.350,.601,.836,.659,.455,.413,,112,121,96,111,106,114,177,106,,28.0,46.7,porzikr01
372,Micah Potter,PF,25,UTA,2,7,,.000,,.000,.000,,.000,.000,1.000,,,,,,,,,256,,-1.1,-1.2,pottemi01
373,Dwight Powell,C,32,DAL,24,355,,.711,.705,1.000,.722,.796,.781,1.089,.022,,151,130,273,133,101,135,425,6,,16.1,26.9,poweldw01
374,Norman Powell,SG,30,LAC,27,685,,.506,.553,.451,.610,.875,.654,.294,.461,,107,102,123,112,111,113,115,118,,32.7,41.6,powelno01
375,Joshua Primo,SG,21,LAC,1,5,,.500,1.000,.000,.500,,.500,.000,.500,,106,185,,92,,86,,128,,-0.2,-0.3,primojo01
376,Taurean Prince,PF,29,LAL,26,796,,.433,.532,.377,.553,.727,.565,.102,.642,,92,99,103,102,92,98,40,164,,4.3,-6.2,princta02
377,Payton Pritchard,PG,26,BOS,27,552,,.417,.463,.394,.549,.722,.562,.110,.669,,88,86,108,101,92,97,43,171,,1.8,-6.0,pritcpa01
378,Olivier-Maxence Prosper,PF,21,DAL,17,143,,.343,.538,.227,.414,.643,.462,.400,.629,,73,100,62,76,82,80,156,161,,-9.0,-9.7,prospol01
379,Neemias Queta,C,24,BOS,7,105,,.484,.484,,.484,.800,.512,.161,.000,,103,90,,89,102,88,63,,,-3.7,-4.5,quetane01
380,Immanuel Quickley,SG,24,NYK,26,623,,.444,.500,.383,.535,.855,.583,.279,.475,,94,93,105,99,109,101,109,122,,-4.8,2.7,quickim01
,,,,,,,,,,,,,,,,,,,,,,,,,,,,-9999
,,,,,,,,,,,,,,,,,,,,,,,,,,,,-9999
381,Lester Quinones,SG,23,GSW,2,9,,.333,.500,.250,.417,,.417,.000,.667,,71,93,68,77,,72,,171,,-1.5,-1.9,quinole01
382,Julius Randle,PF,29,NYK,27,953,,.464,.534,.293,.506,.752,.552,.342,.290,,98,99,80,93,95,95,133,74,,-35.9,-30.5,randlju01
383,Duop Reath,C,27,POR,17,254,,.420,.535,.348,.527,.905,.565,.188,.616,,89,99,95,97,115,98,73,158,,-3.7,-3.4,reathdu01
384,Austin Reaves,SG,25,LAL,28,826,,.476,.559,.364,.553,.871,.604,.299,.424,,101,103,99,102,111,104,117,109,,6.0,17.4,reaveau01
385,Cam Reddish,SF,24,LAL,23,559,,.403,.474,.318,.476,.853,.522,.236,.458,,85,88,87,88,108,90,92,117,,-19.5,-18.1,reddica01
386,Paul Reed,C,24,PHI,27,371,,.578,.604,.364,.598,.812,.619,.157,.108,,123,112,99,110,103,107,61,28,,11.1,8.7,reedpa01
387,Naz Reid,C,24,MIN,26,583,,.500,.607,.386,.594,.925,.622,.153,.485,,106,112,105,109,117,107,60,124,,26.3,24.2,reidna01
388,Jared Rhoden,SG,24,DET,5,30,,.556,.800,.250,.611,1.000,.658,.222,.444,,118,148,68,112,127,114,87,114,,1.2,1.6,rhodeja01
389,Josh Richardson,SG,30,MIA,23,637,,.443,.560,.340,.534,.912,.569,.175,.531,,94,104,93,98,116,98,68,136,,-3.8,-4.0,richajo01
390,Nick Richards,C,26,CHO,20,422,,.708,.708,,.708,.824,.754,.573,.000,,150,131,,130,105,130,224,,,29.3,38.9,richani01
391,Duncan Robinson,SF,29,MIA,26,757,,.487,.574,.442,.633,.816,.650,.138,.658,,103,106,121,116,104,112,54,169,,49.1,41.1,robindu01
392,Jerome Robinson,SG,26,GSW,1,5,,.000,.000,,.000,,.000,.000,.000,,,,,,,,,,,-2.2,-2.3,robinje01
393,Jeremiah Robinson-Earl,PF,23,NOP,11,111,,.516,.500,.545,.613,1.000,.654,.194,.355,,109,93,149,113,127,113,76,91,,4.3,5.0,robinje02
394,Mitchell Robinson,C,25,NYK,21,613,,.592,.592,,.592,.368,.567,.388,.000,,125,110,,109,47,98,151,,,9.5,-2.9,robinmi01
395,Orlando Robinson,C,23,MIA,13,210,,.525,.511,.583,.585,.714,.606,.237,.203,,111,95,159,108,91,105,93,52,,4.9,3.5,robinor01
396,David Roddy,PF,22,MEM,26,619,,.406,.500,.289,.470,.714,.490,.139,.446,,86,93,79,87,91,85,54,114,,-29.5,-38.2,roddyda01
397,Ryan Rollins,PG,21,WAS,8,49,,.500,.500,.500,.528,.812,.639,.889,.111,,106,93,137,97,103,110,347,28,,-0.6,3.0,rolliry01
398,Derrick Rose,PG,35,MEM,15,284,,.438,.472,.344,.483,.905,.522,.174,.264,,93,87,94,89,115,90,68,68,,-14.5,-14.8,rosede01
399,Terry Rozier,SG,29,CHO,17,606,,.464,.531,.358,.533,.875,.571,.202,.388,,98,98,98,98,111,99,79,99,,-6.5,-5.8,roziete01
400,Rayan Rupert,SG,19,POR,7,31,,.083,.000,.167,.125,.500,.182,.333,.500,,18,,46,23,63,31,130,128,,-10.0,-10.9,ruperra01
,,,,,,,,,,,,,,,,,,,,,,,,,,,,-9999
,,,,,,,,,,,,,,,,,,,,,,,,,,,,-9999
401,D'Angelo Russell,PG,27,LAL,27,808,,.467,.531,.382,.549,.768,.571,.167,.429,,99,98,104,101,97,99,65,110,,3.8,-5.7,russeda01
402,Matt Ryan,SF,26,NOP,13,298,,.458,.400,.471,.651,.929,.679,.169,.819,,97,74,129,120,118,117,66,210,,17.8,17.7,ryanma01
403,Domantas Sabonis,C,27,SAC,26,899,,.574,.594,.394,.594,.662,.620,.454,.101,,122,110,108,109,84,107,177,26,,32.7,32.0,sabondo01
404,Luka Šamanić,PF,24,UTA,12,81,,.439,.565,.278,.500,1.000,.513,.049,.439,,93,105,76,92,127,89,19,112,,-3.6,-5.5,samanlu01
405,Jermaine Samuels,SF,25,HOU,5,29,,.500,1.000,.000,.500,1.000,.615,.500,.500,,106,185,,92,127,106,195,128,,-0.3,.3,samueje01
406,Gui Santos,PF,21,GSW,2,12,,.500,.667,.000,.500,,.500,.000,.250,,106,123,,92,,86,,64,,-0.3,-0.6,santogu01
407,Dario Šarić,C,29,GSW,27,563,,.467,.531,.411,.576,.833,.614,.257,.533,,99,98,112,106,106,106,100,137,,13.8,16.3,saricda01
408,Olivier Sarr,C,24,OKC,6,61,,.545,.667,.400,.636,.667,.660,.545,.455,,116,123,109,117,85,114,213,116,,2.0,2.2,sarrol01
409,Marcus Sasser,PG,23,DET,26,442,,.487,.541,.427,.588,.895,.609,.119,.469,,103,100,117,108,114,105,46,120,,14.1,10.0,sassema01
410,Admiral Schofield,PF,26,ORL,8,28,,.300,.500,.167,.350,.000,.322,.200,.600,,64,93,46,64,,56,78,154,,-3.9,-5.6,schofad01
411,Dennis Schröder,PG,30,TOR,27,863,,.425,.466,.359,.494,.872,.541,.235,.386,,90,86,98,91,111,93,92,99,,-32.8,-28.3,schrode01
412,Dereon Seabron,SG,23,NOP,5,52,,.308,.273,.500,.346,.833,.448,.462,.154,,65,51,137,64,106,77,180,39,,-5.1,-4.1,seabrde01
413,Alperen Şengün,C,21,HOU,25,799,,.529,.572,.293,.552,.670,.576,.296,.153,,112,106,80,102,85,99,116,39,,6.2,-2.9,sengual01
414,Brice Sensabaugh,SF,20,UTA,1,2,,.000,.000,,.000,,.000,.000,.000,,,,,,,,,,,-2.2,-2.3,sensabr01
415,Collin Sexton,SG,25,UTA,28,640,,.464,.528,.349,.526,.884,.593,.368,.359,,98,98,95,97,112,102,144,92,,-10.4,9.8,sextoco01
416,Landry Shamet,SG,26,WAS,15,253,,.475,.585,.400,.594,.455,.591,.109,.594,,101,108,109,109,58,102,43,152,,10.2,2.4,shamela01
417,Day'Ron Sharpe,C,22,BRK,27,428,,.533,.558,.000,.533,.611,.557,.400,.044,,113,103,,98,78,96,156,11,,-2.7,-6.9,sharpda01
418,Shaedon Sharpe,SG,20,POR,26,911,,.410,.446,.360,.485,.824,.534,.281,.413,,87,83,98,89,105,92,110,106,,-42.5,-36.4,sharpsh01
419,Ben Sheppard,SG,22,IND,12,90,,.441,.615,.333,.544,.667,.559,.176,.618,,93,114,91,100,85,97,69,158,,.0,-1.4,sheppbe01
420,Pascal Siakam,PF,29,TOR,27,933,,.507,.582,.260,.537,.740,.577,.341,.234,,107,108,71,99,94,100,133,60,,-5.2,-2.1,siakapa01
,,,,,,,,,,,,,,,,,,,,,,,,,,,,-9999
,,,,,,,,,,,,,,,,,,,,,,,,,,,,-9999
421,Ben Simmons,PG,27,BRK,6,191,,.528,.528,,.528,.250,.516,.111,.000,,112,98,,97,32,89,43,,,-1.1,-4.7,simmobe01
422,Anfernee Simons,SG,24,POR,8,269,,.443,.511,.348,.516,.930,.574,.272,.418,,94,95,95,95,118,99,106,107,,-8.7,-1.9,simonan01
423,Jericho Sims,C,25,NYK,14,103,,.667,.667,,.667,.600,.669,.333,.000,,141,123,,123,76,115,130,,,3.7,3.1,simsje01
424,Jalen Slawson,SF,24,SAC,5,19,,.667,1.000,.000,.667,,.667,.000,.333,,141,185,,123,,115,,85,,.7,.5,slawsja01
425,Marcus Smart,PG,29,MEM,11,329,,.429,.569,.295,.504,.810,.534,.176,.513,,91,105,81,93,103,92,69,131,,-9.3,-11.5,smartma01
426,Dennis Smith Jr.,PG,26,BRK,13,229,,.425,.466,.318,.469,.857,.505,.175,.275,,90,86,87,86,109,87,68,70,,-11.9,-12.8,smithde03
427,Dru Smith,SG,26,MIA,9,131,,.455,.500,.412,.561,1.000,.576,.061,.515,,96,93,113,103,127,99,24,132,,1.1,-0.2,smithdr01
428,Ish Smith,PG,35,CHO,20,323,,.530,.532,.500,.545,,.545,.000,.061,,112,99,137,100,,94,,16,,.3,-4.4,smithis01
429,Jalen Smith,C,23,IND,15,224,,.722,.732,.696,.823,.741,.825,.342,.291,,153,136,190,151,94,143,133,75,,44.1,44.7,smithja04
430,Jabari Smith Jr.,PF,20,HOU,25,759,,.480,.566,.369,.561,.811,.591,.207,.434,,102,105,101,103,103,102,81,111,,8.8,6.5,smithja05
431,Nick Smith Jr.,SG,19,CHO,11,109,,.458,.500,.417,.562,,.562,.000,.500,,97,93,114,104,,97,,128,,1.8,-1.6,smithni01
432,Jeremy Sochan,PG,20,SAS,26,757,,.413,.438,.333,.453,.750,.486,.205,.236,,88,81,91,83,95,84,80,60,,-46.1,-51.7,sochaje01
433,Jaden Springer,SG,21,PHI,16,169,,.379,.415,.294,.422,.750,.469,.276,.293,,80,77,80,78,95,81,108,75,,-14.0,-14.3,sprinja01
434,Lamar Stevens,PF,26,BOS,10,48,,.500,.583,.333,.556,.750,.582,.222,.333,,106,108,91,102,95,100,87,85,,.4,.1,stevela01
435,Isaiah Stewart,PF,22,DET,25,758,,.455,.521,.367,.533,.786,.563,.201,.431,,96,96,100,98,100,97,78,110,,-4.1,-7.5,stewais01
436,Julian Strawther,SF,21,DEN,26,365,,.390,.472,.344,.500,.722,.517,.123,.637,,83,87,94,92,92,89,48,163,,-12.7,-19.3,strawju01
437,Max Strus,SF,27,CLE,28,966,,.411,.504,.362,.530,.805,.549,.122,.658,,87,93,99,97,102,95,48,168,,-9.2,-21.0,strusma01
438,Jalen Suggs,SG,22,ORL,24,624,,.471,.560,.374,.561,.828,.600,.260,.480,,100,104,102,103,105,104,101,123,,7.6,10.2,suggsja01
439,Cole Swider,SF,24,MIA,3,29,,.429,.667,.364,.571,,.571,.000,.786,,91,123,99,105,,99,,201,,.8,-0.2,swideco01
440,Jae'Sean Tate,SF,28,HOU,23,410,,.469,.552,.350,.541,.714,.557,.143,.408,,99,102,96,100,91,96,56,104,,-0.5,-4.6,tateja01
,,,,,,,,,,,,,,,,,,,,,,,,,,,,-9999
,,,,,,,,,,,,,,,,,,,,,,,,,,,,-9999
441,Jayson Tatum,PF,25,BOS,26,957,,.476,.579,.345,.552,.795,.598,.337,.439,,101,107,94,102,101,103,131,112,,8.9,21.5,tatumja01
442,Terry Taylor,PF,24,CHI,7,13,,1.000,1.000,,1.000,,1.000,.000,.000,,212,185,,184,,173,,,,1.8,1.7,taylote01
443,Garrett Temple,SG,37,TOR,6,19,,.800,.750,1.000,.900,1.000,.935,.400,.200,,170,139,273,166,127,162,156,51,,3.6,4.2,templga01
444,Dalen Terry,SG,21,CHI,13,99,,.368,.625,.182,.421,.500,.434,.211,.579,,78,116,50,77,63,75,82,148,,-4.6,-6.0,terryda01
445,Daniel Theis,C,31,TOT,17,283,,.459,.463,.444,.500,.708,.530,.245,.184,,97,86,121,92,90,91,96,47,,-8.5,-10.7,theisda01
446,Daniel Theis,C,31,IND,1,8,,.250,.333,.000,.250,,.250,.000,.250,,53,62,,46,,43,,64,,-2.3,-2.6,theisda01
447,Daniel Theis,C,31,LAC,16,275,,.468,.468,.471,.511,.708,.540,.255,.181,,99,87,129,94,90,93,100,46,,-6.2,-8.1,theisda01
448,Cam Thomas,SG,22,BRK,18,570,,.455,.487,.388,.518,.838,.558,.226,.328,,96,90,106,95,106,96,88,84,,-17.7,-16.8,thomaca02
449,Amen Thompson,SF,21,HOU,6,86,,.423,.643,.167,.462,.625,.491,.308,.462,,90,119,46,85,79,85,120,118,,-4.3,-5.2,thompam01
450,Ausar Thompson,SF,21,DET,27,728,,.463,.550,.151,.480,.692,.506,.213,.217,,98,102,41,88,88,87,83,56,,-31.2,-39.1,thompau01
451,Klay Thompson,SF,33,GSW,26,794,,.419,.483,.376,.532,.908,.568,.179,.601,,89,89,103,98,115,98,70,154,,-8.5,-8.5,thompkl01
452,Tristan Thompson,PF,32,CLE,23,246,,.717,.717,,.717,.360,.658,.543,.000,,152,133,,132,46,114,212,,,16.0,9.0,thomptr01
453,JT Thor,PF,21,CHO,23,360,,.372,.459,.293,.449,.429,.450,.090,.526,,79,85,80,83,54,78,35,135,,-14.8,-20.9,thorjt01
454,Matisse Thybulle,SF,26,POR,26,603,,.460,.654,.410,.623,.800,.633,.079,.794,,98,121,112,115,102,109,31,203,,20.1,14.0,thybuma01
455,Xavier Tillman Sr.,C,25,MEM,14,289,,.390,.435,.290,.435,.357,.433,.140,.310,,83,81,79,80,45,75,55,79,,-21.7,-31.0,tillmxa01
456,Jacob Toppin,SF,23,NYK,1,2,,,,,,,,,,,,,,,,,,,,.0,.0,toppija01
457,Obi Toppin,PF,25,IND,26,623,,.609,.772,.369,.684,.795,.700,.188,.406,,129,143,101,126,101,121,74,104,,58.0,54.4,toppiob01
458,Juan Toscano-Anderson,SF,30,SAC,3,10,,.333,.500,.000,.333,,.333,.000,.333,,71,93,,61,,58,,85,,-1.3,-1.5,toscaju01
459,Karl-Anthony Towns,PF,28,MIN,26,865,,.520,.560,.425,.583,.899,.633,.295,.297,,110,104,116,107,114,109,115,76,,31.9,49.5,townska01
460,Gary Trent Jr.,SG,25,TOR,24,607,,.393,.439,.354,.488,.629,.501,.143,.533,,83,81,97,90,80,87,56,136,,-27.2,-40.4,trentga02
,,,,,,,,,,,,,,,,,,,,,,,,,,,,-9999
,,,,,,,,,,,,,,,,,,,,,,,,,,,,-9999
461,Oscar Tshiebwe,PF,24,IND,3,17,,.500,.500,,.500,.750,.564,.500,.000,,106,93,,92,95,97,195,,,-0.7,-0.3,tshieos01
462,P.J. Tucker,PF,38,TOT,15,239,,.316,.333,.312,.447,1.000,.492,.158,.842,,67,62,85,82,127,85,62,216,,-3.6,-3.5,tuckepj01
463,P.J. Tucker,PF,38,PHI,3,66,,.400,,.400,.600,,.600,.000,1.000,,85,,109,110,,104,,256,,.6,.2,tuckepj01
464,P.J. Tucker,PF,38,LAC,12,173,,.286,.333,.273,.393,1.000,.457,.214,.786,,61,62,75,72,127,79,84,201,,-4.2,-3.7,tuckepj01
465,Myles Turner,C,27,IND,25,678,,.503,.596,.327,.560,.787,.605,.358,.344,,107,110,89,103,100,104,140,88,,9.8,18.2,turnemy01
466,Hunter Tyson,PF,23,DEN,8,20,,.250,1.000,.000,.250,,.250,.000,.750,,53,185,,46,,43,,192,,-2.3,-2.6,tysonhu01
467,Stanley Umude,SG,24,DET,15,155,,.455,.353,.519,.614,.913,.693,.523,.614,,96,65,142,113,116,120,204,157,,6.2,12.3,umudest01
468,Jonas Valančiūnas,C,31,NOP,28,775,,.574,.621,.382,.612,.800,.648,.319,.195,,122,115,104,113,102,112,125,50,,38.5,44.5,valanjo01
469,Jarred Vanderbilt,PF,24,LAL,7,99,,.231,.500,.000,.231,.500,.252,.154,.538,,49,93,,42,63,44,60,138,,-8.1,-9.1,vandeja01
470,Fred VanVleet,PG,29,HOU,24,924,,.397,.407,.388,.501,.881,.549,.240,.537,,84,75,106,92,112,95,94,138,,-29.4,-23.2,vanvlfr01
471,Devin Vassell,SG,23,SAS,21,623,,.466,.564,.369,.559,.790,.587,.208,.500,,99,104,101,103,100,101,81,128,,9.1,5.3,vassede01
472,Sasha Vezenkov,PF,28,SAC,23,322,,.436,.535,.378,.556,.750,.564,.068,.632,,92,99,103,102,95,97,27,162,,2.8,-3.6,vezenal01
473,Gabe Vincent,PG,27,LAL,5,127,,.375,.667,.118,.406,.500,.411,.062,.531,,79,123,32,75,63,71,24,136,,-8.8,-11.1,vincega01
474,Nikola Vučević,C,33,CHI,29,994,,.449,.499,.294,.484,.865,.509,.116,.242,,95,92,80,89,110,88,45,62,,-53.1,-66.7,vucevni01
475,Dean Wade,PF,27,CLE,21,441,,.410,.778,.365,.572,.786,.594,.169,.892,,87,144,100,105,100,103,66,228,,4.8,2.7,wadede01
476,Franz Wagner,SF,22,ORL,26,865,,.446,.515,.283,.488,.840,.540,.281,.300,,94,95,77,90,107,93,110,77,,-46.8,-37.7,wagnefr01
477,Moritz Wagner,C,26,ORL,26,488,,.615,.689,.341,.651,.776,.682,.349,.214,,130,128,93,120,98,118,136,55,,41.3,45.5,wagnemo01
478,Ish Wainright,SF,29,POR,2,5,,.000,,.000,.000,,.000,.000,1.000,,,,,,,,,256,,-1.1,-1.2,wainris01
479,Jabari Walker,SF,21,POR,26,457,,.464,.558,.265,.507,.778,.550,.294,.320,,98,103,73,93,99,95,115,82,,-11.3,-10.1,walkeja01
480,Jarace Walker,PF,20,IND,8,84,,.429,.529,.273,.482,1.000,.512,.107,.393,,91,98,75,89,127,88,42,101,,-3.4,-4.0,walkeja02
,,,,,,,,,,,,,,,,,,,,,,,,,,,,-9999
,,,,,,,,,,,,,,,,,,,,,,,,,,,,-9999
481,Lonnie Walker IV,SG,25,BRK,17,362,,.489,.518,.463,.611,.763,.633,.211,.528,,104,96,127,112,97,109,82,135,,24.4,21.2,walkelo01
482,Cason Wallace,SG,20,OKC,25,545,,.579,.642,.500,.690,.800,.701,.124,.446,,123,119,137,127,102,121,48,114,,35.5,31.2,wallaca01
483,P.J. Washington,PF,25,CHO,23,691,,.424,.526,.326,.507,.744,.529,.159,.509,,90,97,89,93,94,91,62,130,,-19.5,-28.8,washipj01
484,TyTy Washington Jr.,PG,22,MIL,2,6,,.333,.000,.500,.500,,.500,.000,.667,,71,,137,92,,86,,171,,-0.3,-0.5,washity02
485,Yuta Watanabe,SF,29,PHO,19,328,,.350,.357,.348,.494,.692,.513,.163,.825,,74,66,95,91,88,89,63,211,,-7.9,-11.3,watanyu01
486,Lindy Waters III,SG,26,OKC,9,70,,.409,1.000,.381,.591,,.591,.000,.955,,87,185,104,109,,102,,244,,2.1,.5,waterli01
487,Trendon Watford,PF,23,BRK,20,280,,.525,.573,.316,.554,.889,.588,.178,.188,,111,106,86,102,113,101,70,48,,2.2,1.9,watfotr01
488,Peyton Watson,SF,21,DEN,27,452,,.516,.584,.333,.561,.639,.580,.295,.270,,109,108,91,103,81,100,115,69,,4.4,.4,watsope01
489,Victor Wembanyama,PF,20,SAS,24,732,,.436,.506,.281,.479,.786,.523,.264,.310,,92,94,77,88,100,90,103,79,,-49.9,-49.2,wembavi01
490,Blake Wesley,SG,20,SAS,6,26,,.375,.429,.000,.375,.500,.394,.250,.125,,79,79,,69,63,68,98,32,,-2.7,-3.3,weslebl01
491,Russell Westbrook,PG,35,LAC,27,650,,.459,.517,.270,.491,.606,.510,.248,.237,,97,96,74,90,77,88,97,61,,-28.1,-40.7,westbru01
492,Coby White,PG,23,CHI,29,1005,,.449,.478,.426,.566,.831,.593,.179,.545,,95,88,116,104,105,102,70,140,,17.6,12.2,whiteco01
493,Dariq Whitehead,SF,19,BRK,1,3,,,,,,.500,.568,,,,,,,,63,98,,,,.0,-0.0,whiteda01
494,Derrick White,SG,29,BOS,24,782,,.492,.582,.429,.618,.868,.660,.286,.586,,104,108,117,114,110,114,111,150,,39.9,48.2,whitede01
495,Cam Whitmore,SF,19,HOU,5,32,,.467,.600,.200,.500,.500,.515,.667,.333,,99,111,55,92,63,89,260,85,,-1.3,-2.5,whitmca01
496,Aaron Wiggins,SG,25,OKC,23,272,,.603,.660,.478,.678,.739,.698,.315,.315,,128,122,131,125,94,120,123,81,,19.7,19.7,wiggiaa01
497,Andrew Wiggins,SF,28,GSW,25,664,,.420,.468,.300,.463,.667,.493,.256,.285,,89,87,82,85,85,85,100,73,,-45.4,-54.1,wiggian01
498,Lindell Wigginton,PG,25,MIL,3,8,,.400,.667,.000,.400,1.000,.510,.400,.400,,85,123,,74,127,88,156,102,,-1.4,-0.8,wiggili01
499,Grant Williams,PF,25,DAL,24,708,,.425,.491,.395,.562,.656,.575,.172,.694,,90,91,108,103,83,99,67,178,,6.9,-1.7,willigr01
500,Jalen Williams,PF,22,OKC,22,708,,.495,.533,.355,.533,.877,.584,.282,.216,,105,99,97,98,111,101,110,55,,-5.9,3.3,willija06
,,,,,,,,,,,,,,,,,,,,,,,,,,,,-9999
,,,,,,,,,,,,,,,,,,,,,,,,,,,,-9999
501,Jaylin Williams,C,21,OKC,20,262,,.392,.429,.370,.507,.929,.549,.189,.622,,83,79,101,93,118,95,74,159,,-5.4,-4.8,willija07
502,Jeenathan Williams,SG,24,HOU,4,22,,.545,.667,.000,.545,.500,.547,.182,.182,,116,123,,100,63,94,71,47,,.0,-0.8,willije02
503,Kenrich Williams,PF,29,OKC,15,219,,.492,.548,.429,.593,.300,.576,.169,.475,,104,102,117,109,38,99,66,121,,5.9,-0.4,willike04
504,Mark Williams,C,22,CHO,19,508,,.649,.649,,.649,.719,.675,.424,.000,,138,120,,119,91,117,165,,,31.9,34.5,willima07
505,Patrick Williams,PF,22,CHI,29,788,,.442,.464,.411,.526,.735,.552,.210,.408,,94,86,112,97,93,95,82,104,,-8.2,-13.8,willipa01
506,Robert Williams,C,26,POR,6,119,,.654,.654,,.654,.778,.684,.346,.000,,139,121,,120,99,118,135,,,5.7,6.3,williro04
507,Vince Williams Jr.,SG,23,MEM,18,335,,.437,.600,.393,.592,.826,.635,.324,.789,,93,111,107,109,105,110,126,202,,6.8,9.0,willivi01
508,Zion Williamson,PF,23,NOP,23,701,,.578,.584,.286,.580,.652,.607,.454,.020,,122,108,78,107,83,105,177,5,,25.8,23.4,willizi01
509,Ziaire Williams,SF,22,MEM,24,480,,.389,.470,.310,.467,.906,.511,.192,.503,,82,87,85,86,115,88,75,129,,-25.5,-24.7,willizi02
510,Jalen Wilson,PF,23,BRK,7,52,,.667,.667,.667,.778,1.000,.836,.444,.333,,141,123,182,143,127,144,173,85,,4.2,5.5,wilsoja03
511,Dylan Windler,SF,27,NYK,3,7,,.500,,.500,.750,,.750,.000,1.000,,106,,137,138,,130,,256,,.8,.7,windldy01
512,James Wiseman,C,22,DET,17,242,,.716,.726,.000,.716,.625,.715,.324,.014,,152,134,,132,79,124,127,3,,25.6,23.1,wisemja01
513,Christian Wood,PF,28,LAL,25,486,,.463,.613,.279,.526,.618,.552,.404,.449,,98,114,76,97,78,95,158,115,,-4.8,-8.5,woodch01
514,Delon Wright,PG,31,WAS,8,141,,.367,.368,.364,.433,.875,.540,.533,.367,,78,68,99,80,111,93,208,94,,-6.6,-2.9,wrighde01
515,Thaddeus Young,PF,35,TOR,4,13,,.500,.500,,.500,.000,.410,.500,.000,,106,93,,92,,71,195,,,-0.3,-1.7,youngth01
516,Trae Young,PG,25,ATL,25,900,,.434,.471,.387,.520,.870,.591,.410,.446,,92,87,106,96,110,102,160,114,,-23.8,14.6,youngtr01
517,Omer Yurtseven,C,25,UTA,18,227,,.515,.582,.231,.537,.750,.552,.118,.191,,109,108,63,99,95,95,46,49,,-0.9,-3.8,yurtsom01
518,Cody Zeller,C,31,NOP,22,221,,.333,.342,.000,.333,.577,.406,.667,.026,,71,63,,61,73,70,260,7,,-16.4,-17.4,zelleco01
519,Ivica Zubac,C,26,LAC,27,724,,.627,.627,,.627,.618,.637,.338,.000,,133,116,,115,78,110,132,,,37.5,29.7,zubaciv01