Rk,Player,Pos,Age,Tm,G,GS,MP,FG,FGA,FG%,3P,3PA,3P%,2P,2PA,2P%,eFG%,FT,FTA,FT%,ORB,DRB,TRB,AST,STL,BLK,TOV,PF,PTS,Player-additional
1,Precious Achiuwa,C,24,TOR,21,0,18.4,3.4,7.2,.477,0.6,2.0,.310,2.8,5.2,.541,.520,1.0,1.7,.583,2.2,3.8,6.0,2.0,0.6,0.4,1.3,1.8,8.5,achiupr01
2,Bam Adebayo,C,26,MIA,18,18,33.5,8.3,16.1,.514,0.1,0.2,.333,8.2,15.9,.516,.516,5.4,6.7,.808,2.0,7.6,9.6,3.9,1.2,0.9,2.4,2.6,22.0,adebaba01
3,Ochai Agbaji,SG,23,UTA,28,10,21.1,2.6,5.7,.450,1.3,3.3,.380,1.3,2.4,.544,.559,0.2,0.3,.750,0.9,1.7,2.6,1.1,0.7,0.5,0.7,1.5,6.6,agbajoc01
4,Santi Aldama,PF,23,MEM,20,5,25.1,4.6,10.4,.438,1.7,5.0,.340,2.9,5.4,.528,.519,1.1,1.8,.629,1.6,4.3,5.9,2.0,0.7,0.8,1.1,1.8,11.9,aldamsa01
5,Nickeil Alexander-Walker,SG,25,MIN,26,11,23.4,2.6,6.2,.416,1.5,4.0,.365,1.1,2.2,.509,.534,0.4,0.7,.647,0.5,1.5,2.0,2.5,0.8,0.7,1.1,1.9,7.0,alexani01
6,Grayson Allen,SG,28,PHO,22,22,33.2,4.1,8.4,.486,2.2,4.9,.449,1.9,3.5,.538,.616,1.9,2.1,.891,0.9,3.7,4.6,2.7,0.9,0.5,1.4,2.4,12.2,allengr01
7,Jarrett Allen,C,25,CLE,23,23,29.1,5.4,8.1,.668,0.0,0.0,,5.4,8.1,.668,.668,2.1,3.1,.681,2.9,5.4,8.3,2.3,0.8,1.0,1.9,2.8,13.0,allenja01
8,Jose Alvarado,PG,25,NOP,14,0,16.9,2.4,5.9,.410,1.4,3.3,.413,1.1,2.6,.405,.524,0.9,1.4,.600,0.5,2.1,2.6,2.1,1.1,0.4,1.0,1.4,7.1,alvarjo01
9,Kyle Anderson,PF,30,MIN,26,0,23.0,2.6,5.7,.456,0.1,0.7,.105,2.5,5.0,.508,.463,1.4,2.1,.685,0.7,2.8,3.5,4.0,0.8,0.8,1.5,1.5,6.7,anderky01
10,Giannis Antetokounmpo,PF,29,MIL,26,26,34.7,11.4,18.7,.611,0.4,1.7,.222,11.0,17.0,.651,.621,7.4,11.2,.662,2.7,8.4,11.1,5.4,1.5,1.2,3.8,2.8,30.6,antetgi01
11,Thanasis Antetokounmpo,PF,31,MIL,12,0,4.6,0.3,0.8,.444,0.0,0.0,,0.3,0.8,.444,.444,0.0,0.0,,0.3,0.3,0.5,0.4,0.2,0.1,0.4,0.6,0.7,antetth01
12,Cole Anthony,PG,23,ORL,26,0,25.1,5.0,10.9,.459,1.4,3.7,.375,3.6,7.2,.503,.523,3.6,4.3,.847,1.0,3.2,4.2,3.6,0.7,0.5,1.9,3.0,15.0,anthoco01
13,OG Anunoby,SF,26,TOR,23,23,33.2,5.6,12.0,.469,2.3,6.3,.372,3.3,5.7,.577,.567,1.2,1.7,.692,0.9,3.1,4.0,2.5,1.0,0.6,1.7,2.4,14.7,anunoog01
14,Ryan Arcidiacono,PG,29,NYK,9,0,2.2,0.0,0.3,.000,0.0,0.3,.000,0.0,0.0,,.000,0.0,0.0,,0.0,0.6,0.6,0.3,0.1,0.0,0.0,0.0,0.0,arcidry01
15,Deni Avdija,SF,23,WAS,26,26,26.9,4.5,9.0,.498,0.9,2.7,.343,3.5,6.3,.564,.549,1.7,2.1,.815,1.1,4.4,5.5,3.9,0.8,0.3,1.5,2.3,11.5,avdijde01
16,Deandre Ayton,C,25,POR,22,22,31.6,5.8,10.4,.557,0.0,0.0,,5.8,10.4,.557,.557,1.1,1.3,.828,3.2,7.5,10.7,1.5,1.1,0.7,2.0,2.5,12.6,aytonde01
17,Udoka Azubuike,C,24,PHO,2,0,4.5,0.5,0.5,1.000,0.0,0.0,,0.5,0.5,1.000,1.000,0.0,0.0,,0.0,2.0,2.0,0.0,0.0,0.0,0.0,0.5,1.0,azubuud01
18,Marvin Bagley III,C,24,DET,22,9,18.7,4.1,7.1,.573,0.0,0.2,.200,4.0,6.9,.586,.576,2.0,2.4,.830,1.9,2.9,4.7,1.1,0.1,0.6,1.3,1.6,10.2,baglema01
19,Amari Bailey,PG,19,CHO,2,0,5.5,1.0,3.0,.333,0.0,1.0,.000,1.0,2.0,.500,.333,0.5,1.0,.500,1.0,0.0,1.0,0.0,0.0,0.0,0.5,0.0,2.5,baileam01
20,Patrick Baldwin Jr.,SF,21,WAS,7,0,5.6,0.7,1.9,.385,0.4,0.7,.600,0.3,1.1,.250,.500,0.6,0.6,1.000,0.3,1.1,1.4,0.4,0.0,0.1,0.1,0.6,2.4,baldwpa01
21,LaMelo Ball,PG,22,CHO,15,15,33.4,8.8,19.9,.443,3.5,8.9,.388,5.3,10.9,.488,.530,3.6,4.2,.857,1.5,3.9,5.5,8.2,1.4,0.3,3.9,3.5,24.7,ballla01
22,Mo Bamba,C,25,PHI,15,0,6.1,1.3,2.5,.541,0.3,0.7,.500,1.0,1.8,.556,.608,0.5,0.7,.727,1.1,1.2,2.3,0.3,0.1,0.7,0.5,0.9,3.5,bambamo01
23,Paolo Banchero,PF,21,ORL,26,26,33.7,7.5,16.0,.471,1.3,3.4,.371,6.3,12.6,.498,.511,4.3,6.3,.681,1.3,5.5,6.9,4.5,1.0,0.5,3.3,2.1,20.6,banchpa01
24,Desmond Bane,SG,25,MEM,25,25,34.4,9.0,19.4,.465,3.4,8.8,.380,5.6,10.5,.536,.552,3.1,3.6,.856,1.1,3.3,4.4,5.1,1.2,0.7,3.1,3.0,24.4,banede01
25,Dalano Banton,PG,24,BOS,12,1,7.8,1.2,2.4,.483,0.1,0.7,.125,1.1,1.8,.619,.500,0.4,0.5,.833,0.8,1.3,2.1,0.4,0.2,0.2,0.4,1.0,2.8,bantoda01
26,Dominick Barlow,PF,20,SAS,8,0,5.6,0.4,1.1,.333,0.0,0.3,.000,0.4,0.9,.429,.333,0.5,0.8,.667,0.0,1.0,1.0,0.0,0.1,0.0,0.0,0.5,1.3,barlodo01
27,Harrison Barnes,PF,31,SAC,26,26,30.6,4.0,8.2,.486,1.8,4.4,.400,2.2,3.8,.586,.593,1.8,2.2,.807,0.9,2.3,3.2,1.5,0.7,0.2,0.8,1.1,11.5,barneha02
28,Scottie Barnes,SG,22,TOR,27,27,35.0,7.8,15.8,.493,2.0,5.1,.381,5.8,10.6,.547,.555,3.1,4.1,.750,2.7,6.6,9.2,5.7,1.5,1.3,2.5,2.0,20.6,barnesc01
29,RJ Barrett,SG,23,NYK,22,22,29.2,6.3,14.8,.426,1.7,4.9,.343,4.6,9.9,.468,.483,4.2,4.9,.860,0.7,3.3,4.0,2.5,0.5,0.4,1.6,1.5,18.5,barrerj01
30,Charles Bassey,C,23,SAS,19,0,10.8,1.5,2.1,.725,0.0,0.1,.000,1.5,2.1,.744,.725,0.3,0.3,.833,1.2,2.8,4.0,1.1,0.4,0.9,0.8,1.6,3.3,bassech01
31,Emoni Bates,SF,20,CLE,7,0,7.4,0.6,2.1,.267,0.4,1.7,.250,0.1,0.4,.333,.367,0.1,0.3,.500,0.1,1.1,1.3,0.3,0.1,0.1,0.1,0.3,1.7,batesem01
32,Keita Bates-Diop,SF,28,PHO,22,8,17.6,1.9,4.7,.398,0.5,1.8,.250,1.4,2.9,.492,.447,1.0,1.5,.719,0.9,2.2,3.1,0.9,0.5,0.7,0.3,0.9,5.2,bateske01
33,Nicolas Batum,PF,35,TOT,20,14,23.9,2.0,3.7,.541,1.3,2.8,.464,0.7,0.9,.778,.716,0.4,0.6,.636,0.9,2.8,3.7,2.2,0.6,0.7,0.5,1.8,5.7,batumni01
33,Nicolas Batum,PF,35,LAC,3,0,18.0,1.0,2.7,.375,0.7,2.3,.286,0.3,0.3,1.000,.500,0.0,0.0,,0.0,2.3,2.3,1.7,1.0,1.3,0.3,1.7,2.7,batumni01
33,Nicolas Batum,PF,35,PHI,17,14,24.9,2.2,3.9,.561,1.4,2.9,.490,0.8,1.0,.765,.742,0.4,0.6,.636,1.1,2.8,3.9,2.2,0.5,0.5,0.5,1.8,6.2,batumni01
34,Bradley Beal,SG,30,PHO,6,6,25.2,5.2,11.5,.449,1.5,3.5,.429,3.7,8.0,.458,.514,2.8,4.0,.708,0.5,2.8,3.3,3.2,0.7,0.3,2.3,2.2,14.7,bealbr01
35,Malik Beasley,SG,27,MIL,25,25,30.2,4.3,8.9,.482,2.9,6.4,.450,1.4,2.5,.565,.644,0.3,0.5,.667,0.7,3.7,4.4,1.5,1.0,0.2,0.6,2.0,11.8,beaslma01
36,MarJon Beauchamp,SF,23,MIL,23,1,16.3,1.9,4.0,.484,0.7,1.7,.436,1.2,2.3,.519,.577,0.5,0.8,.611,0.6,1.9,2.5,0.8,0.3,0.2,0.7,1.6,5.0,beaucma01
37,Jules Bernard,SG,24,WAS,2,0,5.0,0.5,2.5,.200,0.0,1.5,.000,0.5,1.0,.500,.200,0.0,0.0,,0.5,0.0,0.5,0.5,0.0,0.0,0.5,0.5,1.0,bernaju01
38,Dāvis Bertāns,PF,31,OKC,9,0,7.9,0.8,2.1,.368,0.8,2.0,.389,0.0,0.1,.000,.553,1.6,1.7,.933,0.1,0.8,0.9,0.8,0.2,0.2,0.1,1.1,3.9,bertada01
39,Patrick Beverley,PG,35,PHI,27,1,17.2,1.7,4.0,.421,0.6,2.0,.309,1.0,1.9,.538,.500,0.6,1.0,.654,0.7,2.0,2.8,2.3,0.5,0.3,0.6,1.7,4.6,beverpa01
40,Saddiq Bey,SF,24,ATL,27,15,31.7,4.7,10.1,.462,1.8,5.1,.350,2.9,5.0,.574,.549,1.7,2.1,.789,2.2,4.0,6.3,1.3,1.1,0.1,1.1,1.5,12.8,beysa01
41,Goga Bitadze,C,24,ORL,24,20,21.1,3.0,5.0,.597,0.0,0.2,.200,2.9,4.8,.614,.601,1.4,2.0,.708,2.3,4.0,6.3,1.8,0.7,1.7,0.8,2.3,7.4,bitadgo01
42,Onuralp Bitim,SG,24,CHI,1,0,3.0,0.0,0.0,,0.0,0.0,,0.0,0.0,,,0.0,0.0,,0.0,0.0,0.0,0.0,0.0,0.0,0.0,0.0,0.0,bitimon01
43,Bismack Biyombo,C,31,MEM,19,18,25.9,2.7,4.6,.586,0.0,0.0,,2.7,4.6,.586,.586,1.0,1.9,.514,2.3,4.6,6.9,1.9,0.4,1.2,1.4,3.1,6.4,biyombi01
44,Anthony Black,PG,20,ORL,24,20,19.5,2.0,4.0,.500,0.5,1.5,.314,1.5,2.5,.607,.557,0.7,1.2,.571,0.7,1.8,2.5,1.7,0.4,0.3,0.9,2.1,5.1,blackan01
45,Leaky Black,SF,24,CHO,7,0,5.7,0.7,1.1,.625,0.1,0.3,.500,0.6,0.9,.667,.688,0.0,0.0,,0.3,0.7,1.0,0.6,0.3,0.4,0.1,0.3,1.6,blackle01
46,Bogdan Bogdanović,SG,31,ATL,25,2,28.0,6.4,13.6,.469,3.4,8.3,.413,2.9,5.2,.557,.596,1.5,1.6,.925,0.4,3.0,3.4,2.6,1.4,0.3,1.2,2.6,17.6,bogdabo01
47,Bojan Bogdanović,PF,34,DET,8,7,31.4,7.3,14.6,.496,3.1,7.4,.424,4.1,7.3,.569,.603,3.5,4.6,.757,0.5,1.8,2.3,2.5,1.1,0.0,1.9,1.5,21.1,bogdabo02
48,Bol Bol,PF,24,PHO,6,0,2.5,0.3,0.5,.667,0.0,0.2,.000,0.3,0.3,1.000,.667,0.0,0.0,,0.0,0.5,0.5,0.0,0.0,0.2,0.3,0.2,0.7,bolbo01
49,Marques Bolden,C,25,MIL,2,0,1.5,0.0,0.0,,0.0,0.0,,0.0,0.0,,,0.0,0.0,,0.0,1.0,1.0,0.0,0.0,0.0,0.0,0.5,0.0,boldema01
50,Devin Booker,SG,27,PHO,18,18,35.7,9.4,19.7,.476,2.0,5.2,.383,7.4,14.5,.510,.527,7.2,7.9,.908,0.9,4.7,5.6,8.2,0.7,0.4,3.1,3.4,27.9,bookede01
51,Brandon Boston Jr.,SF,22,LAC,2,0,5.5,2.0,3.5,.571,0.5,1.5,.333,1.5,2.0,.750,.643,0.0,0.0,,0.0,1.0,1.0,1.0,0.0,0.0,0.5,1.5,4.5,bostobr01
52,Chris Boucher,PF,31,TOR,25,0,14.2,2.2,4.8,.450,0.6,1.9,.340,1.5,2.9,.521,.517,1.4,1.9,.766,1.2,2.6,3.8,0.3,0.3,0.6,0.5,1.6,6.4,bouchch01
53,James Bouknight,SG,23,CHO,3,0,6.0,2.0,3.7,.545,1.7,3.3,.500,0.3,0.3,1.000,.773,0.0,0.0,,0.3,1.0,1.3,0.0,0.0,0.0,0.3,0.3,5.7,bouknja01
54,Jamaree Bouyea,PG,24,POR,6,0,9.5,0.8,3.5,.238,0.0,1.3,.000,0.8,2.2,.385,.238,0.0,0.0,,0.3,1.3,1.7,1.3,0.0,0.0,1.3,0.5,1.7,bouyeja01
55,Malaki Branham,SG,20,SAS,26,14,22.2,3.7,8.3,.444,1.0,3.3,.318,2.7,5.0,.527,.507,0.5,0.6,.933,0.2,1.5,1.7,2.4,0.4,0.2,1.2,1.3,9.0,branhma01
56,Christian Braun,SG,22,DEN,29,0,20.2,3.3,6.9,.478,0.7,1.8,.385,2.6,5.1,.510,.527,1.3,1.7,.755,0.8,3.0,3.8,1.8,0.4,0.3,0.8,1.7,8.6,braunch01
57,Mikal Bridges,SF,27,BRK,27,27,34.7,7.7,16.9,.457,2.2,5.9,.377,5.5,11.0,.500,.523,4.0,4.7,.852,1.0,4.4,5.4,3.7,1.0,0.4,2.4,1.6,21.7,bridgmi01
58,Miles Bridges,SF,25,CHO,15,13,36.3,7.4,15.7,.470,1.8,5.4,.333,5.6,10.3,.542,.528,3.0,3.5,.849,0.9,6.1,7.0,2.5,1.4,0.2,1.7,2.2,19.6,bridgmi02
59,Oshae Brissett,SF,25,BOS,13,0,10.0,0.8,1.9,.440,0.2,0.8,.273,0.6,1.1,.571,.500,0.7,1.1,.643,0.8,1.4,2.2,0.5,0.4,0.0,0.3,1.0,2.6,brissos01
60,Malcolm Brogdon,PG,31,POR,19,10,27.3,5.6,13.3,.421,2.1,5.4,.388,3.5,7.8,.443,.500,2.3,2.9,.768,0.8,2.7,3.5,5.4,0.7,0.2,1.5,1.3,15.5,brogdma01
61,Armoni Brooks,PG,25,BRK,7,0,9.1,1.3,3.9,.333,1.0,2.7,.368,0.3,1.1,.250,.463,0.0,0.0,,0.6,1.1,1.7,0.4,0.0,0.1,0.1,0.1,3.6,brookar01
62,Dillon Brooks,SF,28,HOU,25,25,31.8,5.2,10.8,.483,2.0,4.8,.417,3.2,6.0,.536,.576,1.8,2.1,.830,0.8,2.8,3.6,1.6,1.0,0.0,1.8,4.0,14.2,brookdi01
63,Bruce Brown,SG,27,IND,26,26,30.8,4.5,9.7,.460,1.0,3.5,.300,3.4,6.2,.549,.514,1.9,2.4,.806,0.7,3.9,4.6,2.9,1.2,0.2,1.2,2.5,11.9,brownbr01
64,Charlie Brown Jr.,SG,26,NYK,1,0,2.0,0.0,1.0,.000,0.0,1.0,.000,0.0,0.0,,.000,0.0,0.0,,0.0,0.0,0.0,0.0,0.0,0.0,2.0,0.0,0.0,brownch02
65,Greg Brown III,PF,22,DAL,3,0,3.7,0.7,0.7,1.000,0.0,0.0,,0.7,0.7,1.000,1.000,0.3,1.7,.200,0.3,0.3,0.7,0.3,0.0,0.0,0.3,0.3,1.7,browngr01
66,Jaylen Brown,SF,27,BOS,26,26,34.0,8.9,18.6,.478,2.2,6.5,.333,6.7,12.1,.556,.536,2.8,3.8,.745,0.8,4.1,4.8,3.7,1.1,0.7,2.4,2.8,22.7,brownja02
67,Kobe Brown,PF,24,LAC,17,0,9.6,0.9,2.4,.375,0.5,1.5,.308,0.4,0.8,.500,.475,0.1,0.1,.500,0.4,1.4,1.7,0.5,0.1,0.2,0.2,1.8,2.3,brownko01
68,Moses Brown,C,24,POR,5,0,7.0,1.2,2.4,.500,0.0,0.0,,1.2,2.4,.500,.500,0.0,0.4,.000,1.6,2.0,3.6,0.2,0.2,0.2,0.2,0.4,2.4,brownmo01
69,Troy Brown Jr.,SF,24,MIN,22,3,15.2,2.0,4.2,.462,1.1,2.9,.391,0.8,1.3,.621,.597,0.8,0.9,.850,0.6,2.0,2.6,1.1,0.3,0.1,0.6,0.8,5.8,browntr01
70,Jalen Brunson,PG,27,NYK,27,27,35.5,8.9,18.8,.472,3.0,6.6,.458,5.9,12.3,.480,.552,4.5,5.6,.801,0.7,3.3,4.0,5.9,1.1,0.1,2.3,2.1,25.3,brunsja01
71,Thomas Bryant,C,26,MIA,18,3,12.4,2.2,4.0,.556,0.0,0.2,.000,2.2,3.8,.580,.556,0.9,1.1,.850,1.2,2.6,3.8,0.6,0.3,0.3,0.8,1.3,5.4,bryanth01
72,Kobe Bufkin,SG,20,ATL,2,0,2.0,0.0,1.5,.000,0.0,0.5,.000,0.0,1.0,.000,.000,0.5,1.0,.500,0.5,0.5,1.0,0.0,0.0,0.0,0.0,0.0,0.5,bufkiko01
73,Reggie Bullock,SF,32,HOU,11,0,8.5,0.6,1.8,.350,0.5,1.5,.353,0.1,0.3,.333,.500,0.1,0.1,1.000,0.2,1.0,1.2,0.3,0.1,0.1,0.2,0.6,1.9,bullore01
74,Alec Burks,SG,32,DET,20,0,18.0,2.6,7.9,.331,1.6,4.7,.344,1.0,3.2,.313,.433,2.5,2.8,.875,0.5,1.7,2.2,1.5,0.4,0.2,0.4,1.4,9.3,burksal01
75,Jared Butler,SG,23,WAS,13,0,7.9,1.5,2.9,.500,0.5,1.4,.333,1.0,1.5,.650,.579,0.8,1.0,.846,0.0,0.7,0.7,1.7,0.5,0.1,0.8,1.1,4.2,butleja02
76,Jimmy Butler,PF,34,MIA,23,23,34.0,6.7,14.5,.462,0.9,2.3,.377,5.8,12.2,.479,.492,7.3,8.3,.879,2.0,3.2,5.2,4.6,1.1,0.4,1.8,1.1,21.5,butleji01
77,Jamal Cain,PF,24,MIA,8,0,14.1,1.6,3.6,.448,0.5,1.9,.267,1.1,1.8,.643,.517,0.9,1.4,.636,0.6,0.9,1.5,0.1,0.8,0.3,0.3,0.8,4.6,cainja01
78,Kentavious Caldwell-Pope,SG,30,DEN,27,27,32.6,3.7,7.9,.465,1.4,3.5,.415,2.2,4.4,.504,.556,1.7,1.9,.902,0.4,1.6,2.0,2.5,1.4,0.5,1.1,2.0,10.5,caldwke01
79,Toumani Camara,PF,23,POR,26,17,25.3,2.7,6.5,.412,0.9,3.0,.304,1.8,3.5,.505,.482,1.0,1.4,.676,2.0,2.8,4.8,1.0,1.0,0.5,1.1,2.9,7.3,camarto01
80,Clint Capela,C,29,ATL,26,26,25.8,5.0,8.6,.583,0.0,0.0,,5.0,8.6,.583,.583,1.8,2.6,.691,5.0,5.7,10.7,1.2,0.7,1.7,0.8,2.7,11.8,capelca01
81,Jevon Carter,PG,28,CHI,29,0,14.3,2.1,5.5,.377,1.2,3.6,.350,0.8,1.9,.429,.491,0.0,0.0,.000,0.1,0.6,0.7,1.2,0.5,0.2,0.6,1.2,5.4,carteje01
82,Wendell Carter Jr.,C,24,ORL,6,6,28.3,3.3,8.2,.408,1.0,3.0,.333,2.3,5.2,.452,.469,1.5,2.7,.563,2.0,6.2,8.2,1.5,0.5,0.3,1.3,2.8,9.2,cartewe01
83,Alex Caruso,SG,29,CHI,23,11,23.2,3.4,6.3,.549,1.6,3.4,.468,1.8,2.8,.646,.677,1.1,1.5,.765,1.2,2.2,3.4,2.3,1.2,0.8,1.4,2.3,9.6,carusal01
84,Colin Castleton,C,23,LAL,4,0,7.0,1.3,2.0,.625,0.0,0.0,,1.3,2.0,.625,.625,0.5,0.5,1.000,0.8,1.0,1.8,0.8,0.0,0.0,0.0,1.3,3.0,castlco01
85,Malcolm Cazalon,SG,22,DET,1,0,3.0,0.0,0.0,,0.0,0.0,,0.0,0.0,,,0.0,0.0,,0.0,0.0,0.0,0.0,0.0,0.0,0.0,0.0,0.0,cazalma01
86,Julian Champagnie,SF,22,SAS,19,5,12.8,1.7,4.5,.384,1.3,3.4,.391,0.4,1.2,.364,.529,0.4,0.6,.727,0.3,1.2,1.5,0.8,0.4,0.6,0.7,0.8,5.2,champju02
87,Max Christie,SG,20,LAL,22,6,16.5,1.6,4.2,.387,0.6,2.0,.302,1.0,2.3,.460,.457,0.5,0.6,.714,0.1,2.3,2.5,1.0,0.4,0.2,0.7,1.4,4.3,chrisma02
88,Sidy Cissoko,SF,19,SAS,1,0,4.0,0.0,0.0,,0.0,0.0,,0.0,0.0,,,0.0,0.0,,0.0,0.0,0.0,0.0,0.0,0.0,1.0,0.0,0.0,cissosi01
89,Jordan Clarkson,SG,31,UTA,19,19,30.8,6.1,15.2,.399,1.6,5.5,.295,4.4,9.6,.459,.453,2.9,3.5,.833,1.3,2.1,3.4,4.9,0.8,0.2,3.0,1.4,16.6,clarkjo01
90,Nic Claxton,C,24,BRK,18,18,27.1,5.2,8.0,.646,0.1,0.1,1.000,5.1,7.9,.643,.649,1.4,2.2,.641,3.2,6.0,9.2,1.4,0.4,2.5,0.9,2.7,11.8,claxtni01
91,Noah Clowney,PF,19,BRK,1,0,3.0,0.0,0.0,,0.0,0.0,,0.0,0.0,,,0.0,0.0,,0.0,1.0,1.0,0.0,0.0,0.0,0.0,0.0,0.0,clownno01
92,Amir Coffey,SF,26,LAC,15,2,11.4,1.0,2.5,.395,0.5,1.5,.304,0.5,1.0,.533,.487,0.7,0.7,.909,0.3,1.1,1.4,0.6,0.1,0.0,0.4,1.1,3.1,coffeam01
93,John Collins,PF,26,UTA,24,22,30.3,5.4,11.2,.485,1.5,3.7,.404,3.9,7.5,.525,.552,2.0,2.7,.766,2.5,5.7,8.2,0.8,0.6,1.0,1.5,2.7,14.4,collijo01
94,Zach Collins,C,26,SAS,26,21,27.0,4.9,10.2,.481,1.2,3.8,.306,3.7,6.4,.584,.538,2.1,2.6,.809,2.0,4.0,6.0,3.4,0.6,0.6,2.5,3.3,13.0,colliza01
95,Mike Conley,PG,36,MIN,26,26,29.4,3.8,8.2,.458,2.2,5.1,.436,1.5,3.1,.494,.593,1.5,1.6,.951,0.4,2.4,2.8,6.1,0.9,0.1,1.2,1.7,11.3,conlemi01
96,Pat Connaughton,SF,31,MIL,21,0,22.1,2.0,5.0,.413,1.1,3.3,.333,1.0,1.7,.571,.524,0.4,0.6,.692,0.7,2.8,3.4,2.1,0.5,0.2,0.7,1.0,5.6,connapa01
97,Bilal Coulibaly,SF,19,WAS,25,1,26.9,3.5,6.7,.521,1.3,3.1,.416,2.2,3.6,.611,.617,1.2,1.9,.638,0.7,3.4,4.1,1.7,1.0,0.7,1.6,1.8,9.4,coulibi01
98,Robert Covington,SF-PF,33,TOT,25,6,17.3,1.6,3.6,.438,0.8,2.1,.365,0.8,1.5,.541,.545,0.8,1.0,.875,1.2,2.4,3.5,0.8,1.3,0.7,0.4,1.8,4.7,covinro01
98,Robert Covington,PF,33,LAC,3,3,23.0,1.0,3.0,.333,0.7,2.7,.250,0.3,0.3,1.000,.444,0.3,0.7,.500,0.7,2.0,2.7,2.3,2.0,0.7,0.0,2.3,3.0,covinro01
98,Robert Covington,SF,33,PHI,22,3,16.5,1.6,3.6,.450,0.8,2.0,.386,0.9,1.6,.528,.556,0.9,1.0,.909,1.2,2.4,3.6,0.6,1.2,0.7,0.5,1.8,5.0,covinro01
99,Torrey Craig,SF,33,CHI,27,7,21.2,2.2,5.1,.424,1.1,2.8,.382,1.1,2.3,.476,.529,0.7,0.9,.783,1.9,3.0,4.8,1.0,0.6,0.4,0.6,2.5,6.1,craigto01
100,Jae Crowder,PF,33,MIL,9,2,26.7,2.8,5.2,.532,1.8,3.4,.516,1.0,1.8,.563,.702,0.8,1.3,.583,0.4,3.4,3.9,1.7,0.8,0.3,0.4,1.6,8.1,crowdja01
101,Cade Cunningham,PG,22,DET,27,27,34.6,8.3,19.0,.434,1.9,5.7,.325,6.4,13.3,.481,.482,3.9,4.4,.881,0.5,3.4,3.9,7.0,1.0,0.3,4.0,2.7,22.2,cunnica01
102,Seth Curry,SG,33,DAL,21,3,12.0,1.6,4.0,.398,0.9,2.2,.404,0.7,1.7,.389,.512,0.4,0.5,.900,0.5,1.0,1.5,0.9,0.5,0.1,0.3,0.9,4.5,curryse01
103,Stephen Curry,PG,35,GSW,25,25,33.9,8.8,18.9,.464,4.8,11.6,.416,3.9,7.2,.541,.592,5.9,6.3,.936,0.6,4.2,4.7,4.4,0.7,0.3,3.4,1.8,28.2,curryst01
104,Dyson Daniels,PG,20,NOP,28,13,23.8,2.4,6.1,.398,0.7,2.7,.253,1.8,3.4,.510,.453,0.7,1.1,.667,1.0,3.3,4.3,2.9,1.4,0.4,1.1,1.8,6.3,daniedy01
105,Anthony Davis,C,30,LAL,26,26,35.3,9.1,16.6,.546,0.3,0.8,.333,8.8,15.8,.557,.554,5.6,6.9,.811,3.5,9.2,12.6,3.0,1.2,2.5,2.0,2.6,24.0,davisan02
106,Johnny Davis,SG,21,WAS,14,0,9.1,1.4,2.9,.475,0.1,0.2,.333,1.3,2.6,.486,.488,0.3,0.4,.800,0.6,0.8,1.4,0.4,0.5,0.1,0.4,0.7,3.1,davisjo06
107,Dexter Dennis,SG,24,DAL,2,0,3.5,1.0,3.0,.333,0.0,1.5,.000,1.0,1.5,.667,.333,0.0,0.5,.000,0.5,0.5,1.0,0.0,0.0,0.0,0.0,0.0,2.0,dennide01
108,DeMar DeRozan,SF,34,CHI,27,27,36.4,7.7,17.1,.451,0.9,2.6,.357,6.8,14.6,.468,.478,6.0,7.2,.826,0.8,2.9,3.7,5.4,1.1,0.9,1.5,2.2,22.4,derozde01
109,Moussa Diabaté,C,22,LAC,9,0,6.1,1.0,2.0,.500,0.0,0.0,,1.0,2.0,.500,.500,1.0,1.3,.750,1.6,0.6,2.1,0.4,0.4,0.0,0.2,0.4,3.0,diabamo01
110,Gradey Dick,SG,20,TOR,17,1,13.4,1.1,3.9,.284,0.6,2.6,.250,0.5,1.4,.348,.366,0.8,0.8,1.000,0.4,0.9,1.3,0.9,0.2,0.0,0.7,1.4,3.7,dickgr01
111,Ousmane Dieng,PF,20,OKC,16,0,11.4,1.4,3.4,.426,0.8,2.3,.324,0.7,1.1,.647,.537,0.5,0.6,.800,0.4,1.3,1.8,1.0,0.1,0.0,0.4,0.6,4.1,diengou01
112,Spencer Dinwiddie,PG,30,BRK,26,26,31.8,4.8,12.0,.404,2.1,6.6,.322,2.7,5.4,.504,.492,3.0,3.8,.786,0.5,3.5,4.1,6.8,0.9,0.2,1.8,1.6,14.8,dinwisp01
113,Donte DiVincenzo,SG,27,NYK,27,9,20.6,3.3,7.3,.455,2.4,5.3,.448,1.0,2.0,.473,.616,0.8,1.1,.724,0.7,2.3,3.0,1.8,1.0,0.3,1.0,1.7,9.8,divindo01
114,Luka Dončić,PG,24,DAL,26,26,37.0,11.2,23.2,.485,3.8,10.2,.376,7.4,12.9,.571,.568,6.4,8.2,.776,0.8,7.6,8.4,9.1,1.3,0.5,4.0,1.8,32.7,doncilu01
115,Luguentz Dort,SF,24,OKC,24,24,28.0,3.5,7.8,.446,1.7,4.2,.406,1.8,3.5,.494,.556,2.1,2.5,.820,1.3,2.7,4.0,1.3,0.9,0.8,0.9,3.0,10.7,dortlu01
116,Ayo Dosunmu,SG,24,CHI,27,5,20.9,2.7,5.7,.484,1.0,2.7,.375,1.7,3.0,.580,.572,0.7,1.0,.731,0.6,1.5,2.1,1.9,0.8,0.3,0.9,1.7,7.2,dosunay01
117,Andre Drummond,C,30,CHI,29,0,13.3,2.4,4.7,.515,0.0,0.0,.000,2.4,4.7,.519,.515,1.4,2.3,.606,2.8,4.0,6.8,0.6,1.0,0.3,1.0,1.6,6.2,drumman01
118,Chris Duarte,SF,26,SAC,23,5,12.4,1.3,3.5,.363,0.6,2.0,.298,0.7,1.4,.455,.450,0.6,0.8,.778,0.2,1.5,1.7,0.8,0.5,0.1,0.5,2.1,3.7,duartch01
119,Kris Dunn,PG,29,UTA,20,2,14.0,2.1,4.2,.494,0.5,1.2,.417,1.6,3.0,.525,.554,0.3,0.5,.600,0.6,1.8,2.3,2.8,0.5,0.1,1.3,1.6,4.9,dunnkr01
120,Kevin Durant,PF,35,PHO,23,23,36.7,10.8,20.8,.518,2.2,4.7,.467,8.6,16.2,.532,.570,7.3,8.3,.870,0.4,5.7,6.1,5.6,0.8,1.1,3.4,1.9,31.0,duranke01
121,Jalen Duren,C,20,DET,14,13,28.9,5.7,9.1,.630,0.0,0.1,.000,5.7,8.9,.640,.630,1.1,2.0,.571,3.4,7.6,10.9,2.5,0.6,1.4,2.7,3.4,12.6,durenja01
122,Tari Eason,PF,22,HOU,17,0,21.0,3.6,7.7,.473,0.9,2.1,.417,2.8,5.6,.495,.531,1.1,1.7,.655,2.0,5.2,7.2,1.2,0.9,1.0,1.0,2.1,9.3,easonta01
123,Anthony Edwards,SG,22,MIN,23,23,34.0,8.7,19.3,.451,2.4,6.4,.381,6.3,12.9,.486,.515,4.9,5.7,.855,0.7,4.8,5.5,5.1,1.3,0.5,3.0,1.9,24.7,edwaran01
124,Kessler Edwards,SF,23,SAC,21,0,5.5,0.6,1.5,.419,0.3,0.9,.368,0.3,0.6,.500,.532,0.0,0.1,.500,0.1,0.7,0.9,0.3,0.1,0.1,0.0,0.4,1.6,edwarke02
125,Keon Ellis,SG,24,SAC,19,3,13.8,1.5,3.4,.446,1.1,2.9,.375,0.4,0.5,.889,.608,0.5,0.8,.667,0.3,1.2,1.5,1.5,0.6,0.5,0.7,1.5,4.7,elliske01
126,Joel Embiid,C,29,PHI,24,24,34.1,11.8,21.8,.541,1.1,3.3,.333,10.7,18.5,.578,.566,10.5,11.7,.893,2.9,8.9,11.8,5.9,1.1,1.9,3.8,2.9,35.1,embiijo01
127,Drew Eubanks,C,26,PHO,26,0,17.1,2.6,4.3,.607,0.1,0.1,1.000,2.5,4.2,.600,.616,1.2,1.4,.838,1.4,3.0,4.4,1.2,0.3,1.1,1.2,1.8,6.5,eubandr01
128,Dante Exum,PG,28,DAL,24,8,17.4,3.4,5.9,.570,0.8,2.0,.426,2.5,4.0,.642,.641,1.0,1.4,.706,0.6,2.3,2.9,2.4,0.5,0.2,0.6,1.5,8.6,exumda01
129,Bruno Fernando,C,25,ATL,7,0,4.7,1.1,2.3,.500,0.0,0.1,.000,1.1,2.1,.533,.500,0.6,0.9,.667,0.7,1.0,1.7,0.1,0.0,0.1,0.6,0.7,2.9,fernabr01
130,Dorian Finney-Smith,PF,30,BRK,25,17,29.3,3.8,8.3,.464,2.4,5.5,.435,1.4,2.8,.522,.609,0.2,0.3,.750,2.0,3.0,5.0,1.2,0.6,0.6,0.9,2.2,10.3,finnedo01
131,Malachi Flynn,PG,25,TOR,27,0,16.3,1.9,4.7,.409,0.9,2.7,.347,1.0,2.0,.491,.508,0.6,0.8,.773,0.4,1.8,2.1,2.4,0.6,0.2,1.0,1.4,5.4,flynnma01
132,Simone Fontecchio,SF,28,UTA,26,13,20.8,3.0,6.8,.438,1.8,4.6,.387,1.2,2.2,.544,.568,0.8,1.0,.840,0.8,2.0,2.9,1.2,0.5,0.5,1.0,1.6,8.5,fontesi01
133,Jordan Ford,PG,25,SAC,6,0,3.7,0.7,1.2,.571,0.3,0.5,.667,0.3,0.7,.500,.714,0.3,0.3,1.000,0.0,0.3,0.3,0.3,0.0,0.0,0.2,0.0,2.0,fordjo01
134,Trent Forrest,SG,25,ATL,7,0,8.7,0.4,2.1,.200,0.0,0.1,.000,0.4,2.0,.214,.200,0.6,0.6,1.000,0.6,0.6,1.1,1.7,0.3,0.0,0.4,0.7,1.4,forretr01
135,Evan Fournier,SG,31,NYK,1,0,16.0,1.0,6.0,.167,0.0,4.0,.000,1.0,2.0,.500,.167,0.0,0.0,,0.0,1.0,1.0,1.0,1.0,0.0,0.0,2.0,2.0,fournev01
136,De'Aaron Fox,PG,26,SAC,20,20,35.0,10.5,21.8,.480,3.3,8.3,.400,7.2,13.5,.530,.556,5.9,8.0,.731,0.9,3.5,4.4,6.2,1.6,0.3,2.5,2.8,30.1,foxde01
137,Alex Fudge,SF,20,LAL,4,0,3.5,0.3,1.5,.167,0.0,0.5,.000,0.3,1.0,.250,.167,0.5,0.5,1.000,0.5,0.0,0.5,0.0,0.0,0.0,0.3,0.3,1.0,fudgeal01
138,Markelle Fultz,PG,25,ORL,5,5,28.6,5.4,11.2,.482,0.0,0.6,.000,5.4,10.6,.509,.482,0.6,0.8,.750,1.6,1.8,3.4,4.0,1.2,0.4,1.2,1.2,11.4,fultzma01
139,Daniel Gafford,C,25,WAS,23,23,25.3,4.4,6.3,.692,0.0,0.0,,4.4,6.3,.692,.692,1.8,2.6,.700,2.8,4.8,7.7,1.8,0.6,2.1,1.1,3.5,10.6,gaffoda01
140,Danilo Gallinari,PF,35,WAS,23,0,15.3,2.3,5.3,.446,0.8,2.5,.310,1.6,2.7,.571,.521,1.8,2.1,.857,0.5,2.6,3.0,1.3,0.3,0.1,0.5,1.0,7.3,gallida01
141,Darius Garland,PG,24,CLE,20,20,34.0,7.6,16.1,.470,1.8,5.2,.346,5.8,10.9,.530,.526,3.8,4.6,.835,0.6,2.2,2.8,5.9,1.6,0.2,3.8,1.6,20.7,garlada01
142,Luka Garza,C,25,MIN,6,0,3.0,0.7,2.0,.333,0.0,0.5,.000,0.7,1.5,.444,.333,0.8,1.3,.625,0.5,0.7,1.2,0.3,0.0,0.0,0.2,1.0,2.2,garzalu01
143,Kaiser Gates,SF,27,NOP,1,0,7.0,0.0,4.0,.000,0.0,2.0,.000,0.0,2.0,.000,.000,0.0,0.0,,0.0,1.0,1.0,0.0,0.0,0.0,0.0,0.0,0.0,gateska01
144,Keyonte George,PG,20,UTA,24,16,25.8,3.5,9.6,.361,1.6,5.1,.320,1.8,4.5,.407,.446,2.4,3.0,.781,0.5,2.5,3.0,5.0,0.5,0.1,2.3,1.1,10.9,georgke01
145,Paul George,PF,33,LAC,25,25,34.8,8.0,17.6,.451,3.2,8.2,.392,4.8,9.5,.502,.542,3.8,4.0,.931,0.6,5.1,5.7,4.2,1.7,0.3,2.2,2.8,22.9,georgpa01
146,Taj Gibson,PF,38,NYK,4,0,6.8,0.5,1.3,.400,0.0,0.5,.000,0.5,0.8,.667,.400,0.0,0.0,,0.5,1.0,1.5,0.0,0.3,0.5,0.3,1.3,1.0,gibsota01
147,Josh Giddey,SG,21,OKC,25,25,25.6,5.0,11.6,.430,0.8,2.6,.313,4.2,9.1,.463,.464,1.0,1.2,.806,1.6,4.5,6.2,4.4,0.9,0.4,2.4,1.4,11.8,giddejo01
148,Harry Giles,C,25,BRK,7,0,6.0,2.0,3.4,.583,0.1,0.7,.200,1.9,2.7,.684,.604,0.7,1.0,.714,0.7,0.7,1.4,0.1,0.1,0.3,0.3,0.7,4.9,gilesha01
149,Shai Gilgeous-Alexander,PG,25,OKC,24,24,34.7,11.1,20.6,.538,1.0,3.2,.325,10.0,17.4,.578,.564,7.5,8.2,.914,0.9,4.8,5.7,6.4,2.8,0.8,2.0,2.5,30.7,gilgesh01
150,Anthony Gill,PF,31,WAS,17,0,6.8,0.9,1.9,.455,0.0,0.4,.000,0.9,1.5,.577,.455,0.6,0.8,.786,0.5,1.0,1.5,0.6,0.2,0.2,0.6,0.6,2.4,gillan01
151,Collin Gillespie,PG,24,DEN,11,0,7.8,0.7,1.8,.400,0.3,1.1,.250,0.5,0.7,.625,.475,0.1,0.1,1.000,0.1,0.3,0.4,0.7,0.5,0.0,0.4,0.9,1.8,gilleco01
152,Jacob Gilyard,PG,25,MEM,19,8,15.7,1.3,3.1,.414,1.1,2.6,.429,0.2,0.5,.333,.595,0.1,0.1,1.000,0.3,0.7,1.1,3.1,0.6,0.1,0.7,1.0,3.7,gilyaja01
153,Rudy Gobert,C,31,MIN,26,26,31.8,4.7,7.7,.610,0.0,0.0,,4.7,7.7,.610,.610,3.0,4.8,.619,3.6,8.4,12.0,1.2,0.8,2.3,1.5,2.9,12.4,goberru01
154,Jordan Goodwin,PG,25,PHO,27,0,18.3,2.3,6.1,.382,0.9,2.8,.307,1.5,3.3,.444,.452,0.7,0.9,.870,1.2,2.8,4.0,2.7,0.7,0.3,0.9,1.4,6.3,goodwjo01
155,Aaron Gordon,PF,28,DEN,25,25,32.0,5.5,10.7,.515,0.5,1.9,.250,5.0,8.8,.573,.537,1.8,3.0,.579,2.8,4.2,7.0,3.6,1.0,0.6,1.4,1.7,13.3,gordoaa01
156,Eric Gordon,SG,35,PHO,23,16,31.8,5.2,11.4,.458,2.6,6.7,.392,2.6,4.7,.550,.573,0.7,0.9,.810,0.3,1.7,2.0,2.8,1.1,0.5,1.5,1.4,13.8,gordoer01
157,Devonte' Graham,PG,28,SAS,5,0,10.4,0.8,2.4,.333,0.4,1.6,.250,0.4,0.8,.500,.417,1.0,1.4,.714,0.2,0.4,0.6,3.2,0.4,0.2,0.4,0.6,3.0,grahade01
158,Jerami Grant,PF,29,POR,22,22,35.4,7.7,16.9,.457,2.5,6.2,.412,5.2,10.7,.483,.532,4.7,5.6,.837,0.7,3.2,3.9,2.4,0.8,0.9,2.4,2.3,22.7,grantje01
159,A.J. Green,SG,24,MIL,19,0,7.7,1.1,2.5,.438,0.9,2.2,.429,0.2,0.3,.500,.625,0.1,0.1,1.000,0.2,0.6,0.8,0.7,0.0,0.0,0.0,0.8,3.2,greenaj01
160,Danny Green,SG,36,PHI,2,0,9.0,0.0,1.0,.000,0.0,0.5,.000,0.0,0.5,.000,.000,0.0,0.0,,0.0,1.0,1.0,0.5,0.5,0.0,0.0,0.5,0.0,greenda02
161,Draymond Green,PF,33,GSW,15,15,25.1,3.4,6.9,.490,1.2,2.8,.429,2.2,4.1,.532,.577,1.7,2.0,.833,1.5,4.1,5.5,5.8,0.4,0.7,2.4,3.0,9.7,greendr01
162,Jalen Green,SG,21,HOU,25,25,31.0,5.8,14.5,.401,2.0,6.0,.329,3.8,8.5,.451,.468,3.9,4.8,.815,0.4,4.1,4.4,3.2,0.5,0.4,2.2,1.5,17.4,greenja05
163,Jeff Green,PF,37,HOU,24,0,15.7,2.2,3.9,.570,0.4,1.1,.333,1.8,2.8,.667,.618,2.4,2.8,.838,0.8,1.4,2.2,0.7,0.2,0.4,0.8,1.5,7.2,greenje02
164,Josh Green,SG,23,DAL,18,5,25.2,2.6,6.1,.422,1.3,3.5,.365,1.3,2.6,.500,.528,0.5,0.9,.529,0.6,2.3,2.9,2.4,0.9,0.2,0.9,1.7,6.9,greenjo02
165,AJ Griffin,SF,20,ATL,12,0,9.2,0.8,2.8,.294,0.7,2.1,.320,0.2,0.8,.222,.412,0.2,0.2,1.000,0.2,0.8,1.0,0.3,0.1,0.0,0.3,0.5,2.5,griffaj01
166,Quentin Grimes,SG,23,NYK,25,18,21.6,2.4,6.2,.381,1.8,4.8,.367,0.6,1.4,.429,.523,0.1,0.2,.400,0.2,1.1,1.3,1.1,0.7,0.0,0.5,1.6,6.6,grimequ01
167,Mouhamed Gueye,PF,21,ATL,2,0,2.0,0.0,0.5,.000,0.0,0.5,.000,0.0,0.0,,.000,0.0,0.0,,0.0,0.0,0.0,0.0,0.5,0.0,0.0,0.5,0.0,gueyemo02
168,Rui Hachimura,PF,25,LAL,19,2,23.3,4.3,8.9,.482,1.1,2.9,.382,3.2,6.1,.530,.544,1.5,1.9,.778,0.9,2.8,3.7,1.2,0.7,0.3,0.8,1.5,11.2,hachiru01
169,Tyrese Haliburton,PG,23,IND,23,23,33.4,8.6,17.1,.504,3.5,8.3,.424,5.1,8.8,.579,.607,3.9,4.5,.874,0.7,3.3,4.0,12.0,0.9,0.7,2.7,1.1,24.7,halibty01
170,R.J. Hampton,PG,22,MIA,2,0,5.5,0.5,1.0,.500,0.5,0.5,1.000,0.0,0.5,.000,.750,0.0,0.0,,0.0,1.0,1.0,0.0,0.0,0.0,0.5,0.5,1.5,hamptrj01
171,Tim Hardaway Jr.,SF,31,DAL,24,0,28.8,5.9,14.5,.409,3.4,9.3,.362,2.5,5.1,.496,.526,2.2,2.5,.883,0.4,3.1,3.5,1.5,0.4,0.0,0.9,1.2,17.4,hardati02
172,James Harden,SG,34,LAC,22,22,33.7,5.0,10.5,.474,2.6,6.0,.429,2.4,4.5,.535,.597,4.5,5.2,.870,0.3,4.3,4.6,7.7,1.4,0.9,2.3,2.1,17.1,hardeja01
173,Jaden Hardy,SG,21,DAL,23,0,13.2,2.5,6.4,.392,1.1,3.0,.377,1.4,3.4,.405,.480,0.8,1.3,.655,0.3,1.3,1.7,1.5,0.3,0.0,0.7,1.1,7.0,hardyja02
174,Ron Harper Jr.,PF,23,TOR,1,0,4.0,0.0,0.0,,0.0,0.0,,0.0,0.0,,,0.0,0.0,,0.0,0.0,0.0,1.0,0.0,0.0,0.0,2.0,0.0,harpero02
175,Gary Harris,SG,29,ORL,21,3,21.6,2.3,5.4,.421,1.3,3.9,.329,1.0,1.5,.656,.539,0.9,1.1,.792,0.6,1.2,1.8,1.7,0.9,0.2,0.4,1.6,6.8,harriga01
176,Joe Harris,SG,32,DET,11,0,12.0,0.9,2.8,.323,0.6,2.2,.292,0.3,0.6,.429,.435,0.1,0.2,.500,0.3,0.6,0.9,0.8,0.3,0.2,0.3,1.4,2.5,harrijo01
177,Tobias Harris,PF,31,PHI,27,27,33.7,6.0,11.7,.513,1.0,2.9,.342,5.0,8.8,.570,.555,3.0,3.3,.900,1.0,5.0,6.0,2.7,0.9,0.4,1.7,1.7,16.0,harrito02
178,Shaquille Harrison,SG,30,MEM,3,0,2.0,0.3,0.7,.500,0.0,0.0,,0.3,0.7,.500,.500,0.0,0.0,,0.0,0.7,0.7,0.0,0.0,0.3,0.0,0.0,0.7,harrish01
179,Josh Hart,SF,28,NYK,27,5,27.7,3.0,6.6,.461,1.0,2.9,.359,2.0,3.7,.540,.539,0.7,0.9,.783,1.1,4.8,5.9,2.8,0.9,0.3,1.0,1.9,7.8,hartjo01
180,Isaiah Hartenstein,C,25,NYK,27,1,20.6,2.3,4.0,.589,0.0,0.1,.333,2.3,3.9,.596,.593,1.2,1.9,.647,3.0,3.5,6.5,1.4,0.9,1.0,0.9,2.7,5.9,harteis01
181,Sam Hauser,SF,26,BOS,27,3,23.0,3.1,6.7,.462,2.5,5.8,.433,0.6,0.9,.640,.648,0.3,0.4,.800,0.9,2.6,3.5,1.0,0.6,0.3,0.5,1.5,9.0,hausesa01
182,Jordan Hawkins,SG,21,NOP,26,9,24.3,3.6,9.4,.381,2.2,6.2,.356,1.4,3.2,.429,.498,1.5,1.8,.870,0.7,2.6,3.3,1.5,0.4,0.0,0.8,1.7,10.9,hawkijo01
183,Jaxson Hayes,C,23,LAL,25,1,10.8,1.3,1.9,.667,0.0,0.2,.000,1.3,1.8,.727,.667,0.6,1.0,.560,0.5,1.4,2.0,0.3,0.2,0.4,0.6,2.0,3.1,hayesja02
184,Killian Hayes,PG,22,DET,25,21,26.4,3.6,8.6,.425,0.7,2.4,.305,2.9,6.2,.471,.467,1.1,1.6,.700,0.4,2.7,3.1,4.4,1.0,0.6,1.1,1.9,9.1,hayeski01
185,Gordon Hayward,SF,33,CHO,23,23,32.3,5.7,12.3,.468,1.0,2.6,.373,4.8,9.7,.493,.507,2.6,3.4,.759,1.0,3.7,4.7,4.7,1.1,0.4,2.0,1.8,15.0,haywago01
186,Scoot Henderson,PG,19,POR,17,5,26.3,4.2,11.4,.373,0.9,4.0,.235,3.3,7.4,.448,.415,1.7,2.2,.784,0.8,1.9,2.7,4.4,0.5,0.2,3.2,3.8,11.1,hendesc01
187,Taylor Hendricks,PF,20,UTA,9,0,17.3,2.0,5.2,.383,1.0,3.1,.321,1.0,2.1,.474,.479,0.7,0.9,.750,0.9,1.7,2.6,0.6,0.9,0.6,0.8,1.2,5.7,hendrita01
188,Tyler Herro,SG,24,MIA,10,10,34.1,8.8,18.7,.471,3.0,7.2,.417,5.8,11.5,.504,.551,3.0,3.3,.909,0.5,4.6,5.1,4.6,1.3,0.0,2.6,1.5,23.6,herroty01
189,Buddy Hield,SF,31,IND,26,14,25.7,4.8,10.7,.450,2.8,7.3,.381,2.0,3.4,.596,.579,0.7,0.8,.850,0.7,2.3,3.0,2.7,0.8,0.7,1.5,1.9,13.0,hieldbu01
190,Haywood Highsmith,PF,27,MIA,18,14,21.7,2.3,5.3,.427,1.1,3.3,.339,1.2,2.1,.568,.531,0.7,0.9,.750,0.8,1.9,2.7,1.5,1.1,0.7,0.9,2.2,6.3,highsha01
191,Nate Hinton,SG,24,HOU,4,0,4.0,0.8,1.5,.500,0.8,0.8,1.000,0.0,0.8,.000,.750,0.0,0.0,,0.3,0.5,0.8,0.0,0.0,0.0,0.0,0.5,2.3,hintona01
192,D'Moi Hodge,SG,25,LAL,7,0,5.9,0.7,2.1,.333,0.4,1.7,.250,0.3,0.4,.667,.433,0.1,0.3,.500,0.0,0.0,0.0,0.7,0.1,0.1,0.1,0.6,2.0,hodgedm01
193,Aaron Holiday,PG,27,HOU,23,1,18.3,2.7,5.8,.455,1.3,3.0,.429,1.3,2.8,.484,.567,0.6,0.7,.867,0.3,1.6,1.9,1.7,0.5,0.1,0.6,1.9,7.2,holidaa01
194,Jrue Holiday,PG,33,BOS,25,25,34.5,4.8,10.8,.448,1.8,4.5,.398,3.0,6.3,.484,.531,1.2,1.4,.853,1.6,5.0,6.7,4.7,0.9,0.9,2.0,1.8,12.6,holidjr01
195,Justin Holiday,SG,34,DEN,16,6,16.3,1.8,3.4,.527,1.1,2.4,.474,0.7,1.1,.647,.691,0.0,0.0,,0.3,1.3,1.6,1.3,0.7,0.1,0.3,1.4,4.8,holidju01
196,Richaun Holmes,C,30,DAL,14,1,10.0,1.1,2.4,.455,0.0,0.0,,1.1,2.4,.455,.455,0.5,1.1,.467,1.4,2.2,3.6,0.5,0.1,0.4,0.6,1.4,2.6,holmeri01
197,Chet Holmgren,C,21,OKC,25,25,29.7,6.1,11.7,.521,1.5,4.1,.373,4.6,7.6,.600,.586,3.2,3.7,.871,1.7,6.3,8.0,2.4,0.8,2.8,1.9,2.8,16.9,holmgch01
198,Jalen Hood-Schifino,SG,20,LAL,5,0,10.4,0.8,3.6,.222,0.2,1.6,.125,0.6,2.0,.300,.250,1.0,2.0,.500,0.2,1.0,1.2,0.8,0.0,0.2,0.8,1.4,2.8,hoodsja01
199,Al Horford,C,37,BOS,23,9,26.7,2.9,6.2,.472,1.4,3.8,.364,1.5,2.3,.648,.585,0.4,0.4,1.000,1.7,5.4,7.1,2.8,0.4,1.0,1.0,1.7,7.7,horfoal01
200,Talen Horton-Tucker,PG,23,UTA,28,11,22.9,4.3,10.2,.416,1.3,3.9,.339,2.9,6.3,.463,.481,1.5,1.9,.811,0.4,2.3,2.7,4.5,1.1,0.4,1.8,2.2,11.4,hortota01
201,Danuel House Jr.,SF,30,PHI,16,0,11.7,1.3,3.0,.438,0.7,1.7,.407,0.6,1.3,.476,.552,0.7,0.9,.786,0.4,0.9,1.3,0.9,0.3,0.1,0.6,0.8,4.0,houseda01
202,Caleb Houstan,SF,21,ORL,17,0,10.2,1.2,2.8,.417,1.0,2.6,.386,0.2,0.2,.750,.594,0.4,0.4,1.000,0.4,1.1,1.5,0.4,0.1,0.0,0.2,0.8,3.8,houstca01
203,Jett Howard,SF,20,ORL,8,0,4.3,0.5,1.9,.267,0.3,1.4,.182,0.3,0.5,.500,.333,0.1,0.3,.500,0.1,0.4,0.5,0.4,0.0,0.0,0.3,0.1,1.4,howarje01
204,Kevin Huerter,SG,25,SAC,25,25,25.5,4.1,9.5,.435,2.1,5.8,.363,2.0,3.6,.549,.546,0.7,0.9,.773,0.6,3.5,4.1,2.7,0.7,0.3,0.7,2.4,11.0,huertke01
205,Jay Huff,C,25,DEN,2,0,1.0,0.5,0.5,1.000,0.0,0.0,,0.5,0.5,1.000,1.000,0.0,0.0,,0.0,0.0,0.0,0.0,0.0,0.0,0.0,0.0,1.0,huffja01
206,De'Andre Hunter,SF,26,ATL,24,24,30.3,5.1,11.0,.460,1.9,4.8,.404,3.2,6.3,.503,.547,2.8,3.1,.907,0.6,3.5,4.1,1.4,0.8,0.4,1.5,3.0,14.9,huntede01
207,Bones Hyland,PG,23,LAC,13,2,16.2,3.0,7.4,.406,1.5,4.0,.365,1.5,3.4,.455,.505,0.7,0.8,.900,0.2,1.0,1.2,1.9,0.5,0.0,1.5,1.7,8.2,hylanbo01
208,Joe Ingles,SF,36,ORL,24,0,18.2,1.6,3.9,.404,1.0,2.5,.407,0.6,1.5,.400,.532,0.7,0.8,.895,0.5,2.3,2.8,3.4,0.8,0.1,0.8,1.5,4.9,inglejo01
209,Brandon Ingram,SF,26,NOP,25,25,33.6,8.9,17.8,.501,1.4,4.1,.330,7.6,13.7,.553,.539,4.3,5.3,.812,0.6,4.2,4.8,5.3,0.7,0.2,2.8,2.2,23.5,ingrabr01
210,Kyrie Irving,SG,31,DAL,17,17,31.8,8.6,18.2,.471,2.5,6.6,.384,6.1,11.6,.520,.540,3.3,3.6,.903,0.6,3.4,3.9,5.2,1.2,0.3,1.4,1.8,23.0,irvinky01
211,Jonathan Isaac,PF,26,ORL,19,0,13.6,2.3,5.1,.458,0.7,2.4,.283,1.6,2.6,.620,.526,1.3,1.6,.806,1.1,3.2,4.3,0.3,0.9,1.1,0.6,1.3,6.6,isaacjo01
212,Jaden Ivey,SG,21,DET,23,7,24.1,4.1,9.2,.450,0.9,3.1,.278,3.3,6.0,.540,.498,2.5,3.2,.781,0.8,2.2,3.0,2.7,0.7,0.4,1.9,2.6,11.6,iveyja01
213,Andre Jackson Jr.,SG,22,MIL,21,5,10.5,1.2,2.0,.595,0.5,1.1,.478,0.7,0.9,.737,.726,0.0,0.1,.500,0.9,1.0,1.9,1.0,0.3,0.0,0.5,1.9,3.0,jacksan01
214,Gregory Jackson II,PF,19,MEM,4,0,4.8,0.8,2.5,.300,0.5,1.3,.400,0.3,1.3,.200,.400,0.0,0.0,,0.3,0.5,0.8,0.0,0.3,0.3,0.3,0.5,2.0,jacksgg01
215,Isaiah Jackson,C,22,IND,18,1,14.8,3.2,4.8,.674,0.0,0.1,.000,3.2,4.7,.690,.674,1.4,2.0,.694,1.6,2.9,4.6,1.1,0.6,1.5,0.6,2.9,7.8,jacksis01
216,Jaren Jackson Jr.,C,24,MEM,26,26,31.5,7.3,16.3,.447,1.6,5.2,.313,5.7,11.1,.509,.496,5.3,6.5,.827,1.5,4.2,5.7,1.7,0.7,1.8,1.9,3.6,21.5,jacksja02
217,Reggie Jackson,PG,33,DEN,29,14,25.5,5.3,10.8,.494,1.7,4.2,.397,3.7,6.7,.554,.570,1.0,1.4,.714,0.4,1.8,2.2,4.5,0.7,0.2,1.5,2.0,13.4,jacksre01
218,Trayce Jackson-Davis,PF,23,GSW,16,0,10.1,1.6,2.6,.595,0.0,0.0,,1.6,2.6,.595,.595,1.1,1.7,.630,1.4,1.5,2.9,0.6,0.3,0.8,0.6,1.5,4.2,jackstr02
219,LeBron James,PF,39,LAL,26,26,34.1,9.4,17.5,.540,2.2,5.7,.392,7.2,11.8,.611,.604,4.1,5.7,.723,1.0,6.7,7.7,7.3,1.5,0.7,3.4,1.1,25.2,jamesle01
220,Jaime Jaquez Jr.,SF,22,MIA,28,5,28.3,5.0,10.0,.505,1.1,3.0,.373,3.9,7.0,.561,.561,1.7,2.0,.842,1.1,2.5,3.6,2.6,1.0,0.3,1.6,2.4,12.9,jaqueja01
221,DaQuan Jeffries,SG,26,NYK,10,0,3.0,0.5,1.2,.417,0.1,0.5,.200,0.4,0.7,.571,.458,0.0,0.2,.000,0.0,0.5,0.5,0.2,0.0,0.0,0.1,0.2,1.1,jeffrda01
222,Ty Jerome,SG,26,CLE,2,0,7.5,1.0,2.0,.500,0.0,0.5,.000,1.0,1.5,.667,.500,0.0,0.0,,0.5,0.0,0.5,1.5,0.0,0.0,0.5,1.0,2.0,jeromty01
223,Isaiah Joe,SG,24,OKC,25,0,20.4,3.1,7.1,.438,2.4,5.6,.424,0.8,1.6,.487,.604,1.1,1.3,.844,0.1,2.2,2.3,1.2,0.8,0.3,0.5,1.2,9.7,joeis01
224,Cameron Johnson,PF,27,BRK,20,20,28.9,5.3,11.7,.453,2.5,6.2,.395,2.9,5.5,.518,.558,1.2,1.5,.800,1.5,3.8,5.3,2.6,0.8,0.2,1.1,1.9,14.3,johnsca02
225,Jalen Johnson,SF,22,ATL,15,12,29.9,5.7,9.5,.594,1.1,2.7,.425,4.5,6.9,.660,.654,1.7,2.2,.758,1.3,5.9,7.3,2.4,1.1,1.0,2.0,2.2,14.1,johnsja05
226,James Johnson,PF,36,IND,3,0,5.3,0.3,0.7,.500,0.0,0.0,,0.3,0.7,.500,.500,0.0,0.0,,0.3,0.7,1.0,1.3,0.3,0.0,0.3,0.7,0.7,johnsja01
227,Keldon Johnson,SF,24,SAS,25,25,33.1,6.4,13.5,.473,2.0,5.5,.358,4.4,8.0,.552,.546,2.7,3.5,.782,1.3,5.2,6.5,4.1,1.0,0.3,1.7,2.4,17.5,johnske04
228,Keyontae Johnson,SF,23,OKC,1,0,6.0,0.0,1.0,.000,0.0,0.0,,0.0,1.0,.000,.000,0.0,0.0,,0.0,0.0,0.0,0.0,0.0,0.0,0.0,0.0,0.0,johnske08
229,Nikola Jokić,C,28,DEN,28,28,33.5,10.3,19.1,.539,1.2,3.7,.320,9.1,15.4,.592,.570,4.8,6.0,.787,3.3,9.1,12.4,9.3,1.2,0.8,2.6,2.5,26.5,jokicni01
230,Colby Jones,SG,21,SAC,11,0,6.8,1.3,2.8,.452,0.1,0.7,.125,1.2,2.1,.565,.468,0.2,0.3,.667,0.6,0.7,1.4,0.2,0.2,0.1,0.4,1.0,2.8,jonesco02
231,Damian Jones,C,28,CLE,11,0,4.9,0.4,0.7,.500,0.0,0.0,,0.4,0.7,.500,.500,0.1,0.2,.500,0.4,0.6,1.0,0.3,0.1,0.2,0.4,0.4,0.8,jonesda03
232,Derrick Jones Jr.,SF,26,DAL,26,25,24.7,3.7,7.6,.480,1.6,4.4,.360,2.1,3.2,.643,.583,1.3,1.7,.767,1.2,2.4,3.5,1.1,0.8,0.8,0.8,1.6,10.2,jonesde02
233,Herbert Jones,SF,25,NOP,25,25,30.0,3.8,8.0,.477,1.1,3.4,.321,2.7,4.6,.591,.545,2.5,2.9,.861,1.2,2.9,4.1,2.7,1.6,1.1,1.4,3.4,11.2,joneshe01
234,Tre Jones,PG,24,SAS,22,0,23.4,3.1,6.8,.453,0.5,2.1,.261,2.5,4.7,.538,.493,1.2,1.5,.844,0.5,2.1,2.5,5.0,0.8,0.2,1.3,1.2,8.0,jonestr01
235,Tyus Jones,PG,27,WAS,26,26,27.3,5.0,9.5,.526,1.3,3.3,.388,3.7,6.2,.599,.593,0.5,0.7,.765,0.2,2.8,3.0,5.5,1.2,0.3,0.8,0.8,11.8,jonesty01
236,DeAndre Jordan,C,35,DEN,11,1,13.9,2.0,3.5,.579,0.0,0.0,,2.0,3.5,.579,.579,1.0,2.8,.355,1.9,3.3,5.2,1.1,0.4,0.5,1.0,1.8,5.0,jordade01
237,Cory Joseph,PG,32,GSW,12,0,10.6,0.8,2.6,.290,0.3,1.7,.200,0.4,0.9,.455,.355,0.3,0.6,.571,0.2,0.8,0.9,2.0,0.3,0.2,0.4,0.8,2.2,josepco01
238,Nikola Jović,PF,20,MIA,4,1,12.0,1.0,3.0,.333,0.8,1.8,.429,0.3,1.3,.200,.458,0.8,1.0,.750,0.3,5.5,5.8,2.3,0.3,0.0,1.3,2.3,3.5,jovicni01
239,Johnny Juzang,SG,22,UTA,1,0,4.0,0.0,2.0,.000,0.0,2.0,.000,0.0,0.0,,.000,0.0,0.0,,0.0,0.0,0.0,1.0,0.0,0.0,0.0,0.0,0.0,juzanjo01
240,Luke Kennard,SG,27,MEM,8,0,21.5,2.6,7.3,.362,2.1,5.8,.370,0.5,1.5,.333,.509,0.9,0.9,1.000,0.4,2.5,2.9,2.0,0.6,0.1,0.6,0.5,8.3,kennalu01
241,Walker Kessler,C,22,UTA,20,12,25.4,4.0,6.9,.580,0.1,0.7,.154,3.9,6.3,.624,.587,0.8,1.5,.533,3.0,5.2,8.2,0.9,0.5,2.7,1.3,2.1,8.9,kesslwa01
242,Braxton Key,SF,26,DEN,6,0,2.5,0.2,0.8,.200,0.0,0.3,.000,0.2,0.5,.333,.200,0.2,0.3,.500,0.0,0.5,0.5,0.8,0.0,0.0,0.0,0.5,0.5,keybr01
243,Corey Kispert,SF,24,WAS,25,1,23.0,3.8,8.3,.452,2.0,5.4,.381,1.7,3.0,.581,.575,1.5,2.0,.740,0.4,2.0,2.4,1.5,0.4,0.2,1.0,1.8,11.0,kispeco01
244,Maxi Kleber,C,32,DAL,5,1,18.0,0.8,3.2,.250,0.6,1.8,.333,0.2,1.4,.143,.344,1.2,2.0,.600,0.8,3.4,4.2,2.0,0.2,0.2,0.8,1.6,3.4,klebima01
245,Kevin Knox,SF,24,DET,10,2,15.0,2.3,4.8,.479,1.0,2.6,.385,1.3,2.2,.591,.583,0.4,0.5,.800,0.5,1.9,2.4,0.5,0.5,0.2,0.9,1.4,6.0,knoxke01
246,John Konchar,SF,27,MEM,21,2,17.8,1.1,3.2,.353,0.7,2.1,.318,0.5,1.1,.417,.456,0.3,0.4,.750,1.0,3.0,4.0,1.4,0.8,0.6,0.5,1.1,3.2,konchjo01
247,Furkan Korkmaz,SG,26,PHI,19,0,6.8,0.6,1.8,.343,0.3,1.0,.263,0.4,0.8,.438,.414,0.4,0.5,.778,0.1,0.4,0.5,0.5,0.5,0.0,0.4,0.5,1.9,korkmfu01
248,Luke Kornet,C,28,BOS,17,0,12.9,1.9,2.5,.744,0.0,0.0,,1.9,2.5,.744,.744,0.6,0.7,.833,1.5,1.8,3.3,0.6,0.5,0.8,0.4,1.1,4.4,kornelu01
249,Jonathan Kuminga,PF,21,GSW,26,5,21.1,4.5,9.2,.492,0.8,2.4,.317,3.8,6.8,.554,.533,2.3,3.6,.645,1.2,2.5,3.7,1.0,0.7,0.3,1.3,2.4,12.2,kuminjo01
250,Kyle Kuzma,PF,28,WAS,26,26,31.1,9.0,19.1,.471,2.4,6.6,.363,6.6,12.5,.528,.533,2.8,3.7,.779,0.8,5.2,6.0,4.2,0.3,0.7,2.4,2.1,23.2,kuzmaky01
251,Jock Landale,C,28,HOU,16,0,8.5,0.6,1.8,.357,0.1,0.6,.200,0.5,1.1,.444,.393,0.3,0.3,1.000,0.8,1.0,1.8,0.5,0.3,0.2,0.5,0.8,1.6,landajo01
252,Jake LaRavia,PF,22,MEM,8,0,12.4,1.4,4.0,.344,0.4,2.5,.150,1.0,1.5,.667,.391,0.1,0.3,.500,0.6,0.8,1.4,0.6,0.1,0.0,0.5,1.9,3.3,laravja01
253,Zach LaVine,SG,28,CHI,18,18,35.3,7.3,16.6,.443,2.4,7.1,.336,4.9,9.4,.524,.515,3.9,4.6,.866,0.3,4.6,4.9,3.4,0.9,0.2,2.0,2.1,21.0,lavinza01
254,A.J. Lawson,SG,23,DAL,10,0,6.8,1.2,2.8,.429,0.4,1.6,.250,0.8,1.2,.667,.500,0.3,0.6,.500,0.3,0.3,0.6,0.3,0.0,0.1,0.2,0.4,3.1,lawsoaj01
255,Saben Lee,PG,24,PHO,4,0,2.8,1.0,1.8,.571,0.0,0.3,.000,1.0,1.5,.667,.571,0.5,0.5,1.000,0.5,0.3,0.8,0.8,0.0,0.3,0.0,0.3,2.5,leesa01
256,Alex Len,C,30,SAC,6,0,6.8,1.0,1.3,.750,0.0,0.2,.000,1.0,1.2,.857,.750,0.5,1.2,.429,1.2,1.5,2.7,0.8,0.2,0.8,0.3,0.3,2.5,lenal01
257,Kawhi Leonard,SF,32,LAC,27,27,34.5,9.0,17.3,.521,2.3,5.4,.429,6.7,11.9,.564,.589,4.0,4.5,.877,1.1,4.9,5.9,3.5,1.5,0.7,1.5,1.5,24.4,leonaka01
258,Caris LeVert,SG,29,CLE,21,1,29.7,5.6,13.5,.417,1.8,5.4,.325,3.9,8.0,.479,.482,2.4,3.2,.750,0.5,3.2,3.8,3.7,1.1,0.4,1.5,1.7,15.4,leverca01
259,Kira Lewis Jr.,PG,22,NOP,13,0,10.1,1.2,3.6,.319,0.2,1.3,.118,1.0,2.3,.433,.340,0.6,0.7,.889,0.2,0.6,0.8,1.4,0.4,0.1,0.5,0.6,3.1,lewiski01
260,Maxwell Lewis,SF,21,LAL,12,0,4.4,0.1,0.8,.111,0.1,0.3,.333,0.0,0.5,.000,.167,0.0,0.0,,0.1,0.2,0.3,0.3,0.2,0.0,0.4,0.2,0.3,lewisma05
261,E.J. Liddell,PF,23,NOP,3,0,3.0,0.3,1.3,.250,0.0,1.0,.000,0.3,0.3,1.000,.250,0.7,0.7,1.000,0.0,0.7,0.7,0.0,0.0,0.3,0.3,0.3,1.3,liddeej01
262,Damian Lillard,PG,33,MIL,25,25,35.4,7.7,17.4,.441,3.3,8.8,.374,4.4,8.6,.509,.536,7.7,8.4,.919,0.6,3.9,4.5,7.0,1.1,0.2,2.7,1.6,26.3,lillada01
263,Nassir Little,PF,23,PHO,20,2,16.2,1.9,3.9,.494,0.8,2.2,.364,1.1,1.7,.667,.597,0.8,0.9,.833,0.7,2.0,2.7,0.8,0.5,0.4,0.5,1.3,5.4,littlna01
264,Dereck Lively II,C,19,DAL,23,22,25.3,4.1,5.6,.734,0.0,0.1,.000,4.1,5.5,.746,.734,0.7,1.3,.586,2.9,4.9,7.7,1.1,0.7,1.6,1.2,3.0,8.9,livelde01
265,Isaiah Livers,PF,25,DET,13,1,20.5,1.6,5.7,.284,0.9,3.8,.245,0.7,1.9,.360,.365,0.6,0.8,.727,0.5,1.7,2.2,1.2,0.6,0.2,0.8,1.6,4.8,liveris01
266,Chris Livingston,SF,20,MIL,5,0,4.2,0.6,0.8,.750,0.2,0.2,1.000,0.4,0.6,.667,.875,0.0,0.0,,0.2,0.8,1.0,0.2,0.2,0.0,0.2,0.4,1.4,livinch01
267,Kenneth Lofton Jr.,PF,21,MEM,15,0,6.6,0.9,2.5,.378,0.2,0.7,.300,0.7,1.8,.407,.419,0.5,1.0,.533,0.1,0.9,1.0,0.9,0.2,0.2,0.4,1.0,2.6,loftoke01
268,Kevon Looney,C,27,GSW,27,24,21.8,2.3,4.0,.560,0.0,0.0,,2.3,4.0,.560,.560,0.9,1.2,.697,2.6,5.3,7.9,2.7,0.7,0.3,0.9,2.4,5.4,looneke01
269,Brook Lopez,C,35,MIL,27,27,30.7,4.9,10.0,.491,1.7,5.1,.338,3.2,4.9,.652,.577,1.7,2.0,.818,1.5,3.3,4.8,1.4,0.7,3.1,0.9,2.7,13.3,lopezbr01
270,Robin Lopez,C,35,MIL,7,0,3.0,0.1,0.6,.250,0.1,0.4,.333,0.0,0.1,.000,.375,0.3,0.3,1.000,0.0,0.1,0.1,0.3,0.0,0.1,0.1,0.4,0.7,lopezro01
271,Kevin Love,PF,35,MIA,21,5,19.2,3.0,7.1,.427,2.0,5.3,.369,1.1,1.9,.590,.563,1.5,1.9,.821,0.9,6.0,6.9,2.5,0.4,0.1,0.7,1.9,9.6,loveke01
272,Kyle Lowry,PG,37,MIA,26,26,29.4,3.2,7.0,.451,2.1,4.8,.440,1.0,2.2,.474,.602,1.1,1.3,.829,0.7,3.1,3.8,4.2,1.2,0.3,1.3,2.7,9.5,lowryky01
273,Seth Lundy,SF,23,ATL,2,0,5.0,0.5,1.0,.500,0.0,0.5,.000,0.5,0.5,1.000,.500,0.0,0.0,,0.0,0.5,0.5,0.0,0.0,0.0,0.0,1.5,1.0,lundyse01
274,Trey Lyles,PF,28,SAC,13,0,20.0,2.2,5.5,.408,1.3,4.2,.315,0.9,1.3,.706,.528,0.9,1.5,.632,0.9,4.5,5.5,1.5,0.1,0.4,0.7,1.8,6.7,lylestr01
275,Théo Maledon,PG,22,CHO,13,1,15.4,1.5,5.1,.288,0.4,2.3,.167,1.1,2.8,.389,.326,0.8,0.9,.917,0.3,1.5,1.8,2.2,0.5,0.0,1.2,1.4,4.2,maledth01
276,Sandro Mamukelashvili,C,24,SAS,11,0,7.6,0.8,2.3,.360,0.4,1.4,.267,0.5,0.9,.500,.440,0.5,0.5,.833,0.6,1.4,2.0,1.2,0.3,0.3,0.5,0.9,2.5,mamuksa01
277,Terance Mann,SG,27,LAC,21,17,26.6,2.7,6.2,.431,0.7,2.9,.233,2.0,3.3,.600,.485,0.7,1.0,.682,1.1,2.4,3.5,2.0,0.7,0.4,0.7,1.8,6.7,mannte01
278,Tre Mann,PG,22,OKC,9,0,10.2,1.8,3.6,.500,0.6,1.4,.385,1.2,2.1,.579,.578,0.1,0.1,1.000,0.3,1.6,1.9,1.6,0.3,0.0,0.9,0.3,4.2,manntr01
279,Boban Marjanović,C,35,HOU,3,0,6.7,1.7,3.0,.556,0.0,0.3,.000,1.7,2.7,.625,.556,0.0,0.3,.000,0.7,2.0,2.7,1.0,0.0,0.3,0.0,0.7,3.3,marjabo01
280,Lauri Markkanen,PF,26,UTA,19,19,33.1,7.9,16.3,.484,3.1,8.2,.381,4.8,8.2,.587,.579,4.4,5.2,.848,2.1,6.5,8.6,1.3,0.9,0.7,1.3,2.2,23.3,markkla01
281,Naji Marshall,SF,26,NOP,19,0,20.0,2.7,6.1,.452,1.3,2.9,.436,1.5,3.2,.467,.557,1.6,1.9,.811,1.1,3.1,4.2,2.4,0.8,0.3,1.2,1.4,8.3,marshna01
282,Caleb Martin,SF,28,MIA,18,8,26.9,4.5,10.2,.443,1.3,3.4,.371,3.2,6.7,.479,.505,1.3,1.9,.676,1.3,3.6,4.9,2.3,0.8,0.2,1.4,2.2,11.6,martica02
283,KJ Martin,SF,23,TOT,16,0,7.0,0.8,1.8,.464,0.1,0.4,.167,0.8,1.4,.545,.482,0.3,0.5,.500,0.3,0.7,1.0,0.6,0.5,0.1,0.3,1.1,1.9,martike04
283,KJ Martin,SF,23,LAC,2,0,15.5,2.0,5.0,.400,0.5,2.5,.200,1.5,2.5,.600,.450,0.5,1.0,.500,0.5,1.0,1.5,0.5,1.0,0.5,1.0,1.5,5.0,martike04
283,KJ Martin,SF,23,PHI,14,0,5.8,0.6,1.3,.500,0.0,0.1,.000,0.6,1.2,.529,.500,0.2,0.4,.500,0.3,0.6,0.9,0.6,0.4,0.0,0.2,1.0,1.5,martike04
284,Garrison Mathews,SG,27,ATL,15,1,10.9,1.0,2.1,.469,1.0,2.1,.469,0.0,0.0,,.703,0.0,0.1,.000,0.2,0.9,1.1,0.1,0.3,0.1,0.4,1.5,3.0,mathega01
285,Bennedict Mathurin,SF,21,IND,26,12,25.5,5.0,11.2,.452,1.3,3.5,.389,3.7,7.7,.480,.512,2.8,3.3,.849,1.1,2.7,3.8,2.1,0.6,0.2,1.5,2.1,14.2,mathube01
286,Wesley Matthews,SG,37,ATL,16,1,12.0,0.6,2.4,.263,0.4,1.8,.207,0.3,0.6,.444,.342,0.9,1.2,.737,0.3,1.3,1.5,0.7,0.6,0.1,0.3,1.4,2.5,matthwe02
287,Tyrese Maxey,PG,23,PHI,26,26,37.0,9.0,19.4,.462,3.3,8.3,.400,5.7,11.1,.509,.548,4.9,5.4,.901,0.6,3.3,3.8,6.7,0.8,0.5,1.5,1.9,26.1,maxeyty01
288,Skylar Mays,PG,26,POR,15,5,19.3,2.9,7.1,.406,0.8,2.7,.293,2.1,4.3,.477,.462,0.7,0.9,.846,0.3,1.3,1.7,4.5,0.8,0.1,1.0,1.3,7.3,mayssk01
289,Miles McBride,PG,23,NYK,17,0,4.8,0.8,1.5,.500,0.4,1.0,.412,0.4,0.5,.667,.635,0.1,0.1,.500,0.1,0.2,0.2,0.5,0.4,0.0,0.0,0.6,2.0,mcbrimi01
290,CJ McCollum,PG,32,NOP,15,15,33.1,7.3,15.7,.464,3.3,7.5,.442,3.9,8.1,.484,.570,2.5,3.1,.826,0.7,3.3,3.9,5.2,1.4,0.8,1.4,2.1,20.4,mccolcj01
291,T.J. McConnell,PG,31,IND,20,1,15.9,3.6,6.8,.522,0.1,0.5,.100,3.5,6.3,.556,.526,0.8,1.1,.727,0.6,2.3,2.9,5.1,1.0,0.2,1.2,1.2,8.0,mccontj01
292,Jaden McDaniels,SF,23,MIN,16,15,24.8,4.4,7.9,.563,1.0,2.6,.390,3.4,5.3,.647,.627,0.4,0.6,.667,0.8,1.6,2.4,1.1,0.5,0.5,1.0,3.4,10.3,mcdanja02
293,Jalen McDaniels,SF,26,TOR,16,0,8.8,0.8,3.1,.265,0.3,1.5,.167,0.6,1.6,.360,.306,0.1,0.1,1.000,0.3,0.9,1.1,0.6,0.3,0.2,0.4,0.8,2.0,mcdanja01
294,Doug McDermott,SF,32,SAS,24,0,16.5,2.1,4.8,.440,1.7,3.7,.449,0.5,1.1,.407,.612,0.3,0.4,.800,0.2,1.0,1.2,1.6,0.3,0.1,0.6,1.3,6.3,mcderdo01
295,JaVale McGee,C,36,SAC,23,0,8.7,2.1,3.1,.676,0.0,0.0,.000,2.1,3.0,.686,.676,0.5,1.0,.500,1.1,2.0,3.1,0.4,0.2,0.7,1.0,1.2,4.7,mcgeeja01
296,Bryce McGowens,SG,21,CHO,21,3,17.5,1.8,3.9,.457,0.8,2.1,.386,1.0,1.8,.541,.562,1.0,1.2,.769,0.3,1.6,1.9,0.8,0.4,0.1,0.6,1.6,5.3,mcgowbr01
297,Jordan McLaughlin,PG,27,MIN,9,0,3.9,0.2,0.6,.400,0.2,0.3,.667,0.0,0.2,.000,.600,0.2,0.2,1.000,0.0,0.0,0.0,0.9,0.1,0.3,0.0,0.2,0.9,mclaujo01
298,De'Anthony Melton,SG,25,PHI,27,27,28.8,3.8,9.7,.395,2.0,5.5,.369,1.8,4.1,.429,.500,1.9,2.4,.813,0.8,3.1,4.0,3.4,1.6,0.5,1.2,2.4,11.6,meltode01
299,Nathan Mensah,C,25,CHO,3,0,16.3,1.0,2.0,.500,0.0,0.0,,1.0,2.0,.500,.500,0.7,0.7,1.000,2.0,3.7,5.7,0.3,0.3,0.0,1.0,3.0,2.7,mensana01
300,Sam Merrill,SG,27,CLE,15,0,10.9,2.1,4.6,.449,1.9,4.1,.475,0.1,0.5,.250,.659,0.2,0.3,.750,0.3,1.0,1.3,0.9,0.3,0.1,0.3,1.1,6.3,merrisa01
301,Chimezie Metu,C,26,PHO,17,2,10.7,1.5,3.1,.500,0.5,1.4,.333,1.1,1.6,.643,.577,0.5,0.7,.750,0.4,1.5,1.9,0.4,0.5,0.3,0.5,1.1,4.1,metuch01
302,Vasilije Micić,PG,30,OKC,10,0,12.2,1.0,3.0,.333,0.5,1.8,.278,0.5,1.2,.417,.417,0.4,0.6,.667,0.0,0.5,0.5,2.7,0.2,0.1,1.1,0.6,2.9,micicva01
303,Khris Middleton,SF,32,MIL,22,22,23.1,5.0,10.6,.472,1.4,3.9,.360,3.6,6.7,.537,.539,1.6,2.0,.818,0.7,4.1,4.8,4.2,0.8,0.0,1.9,2.0,13.0,middlkh01
304,Brandon Miller,SF,21,CHO,24,18,32.3,5.8,13.2,.437,2.0,5.1,.382,3.8,8.0,.472,.511,1.6,2.0,.792,0.9,3.2,4.1,2.3,0.7,0.5,1.7,2.9,15.0,millebr02
305,Jordan Miller,SF,24,LAC,3,0,4.0,0.7,1.0,.667,0.3,0.3,1.000,0.3,0.7,.500,.833,0.0,0.0,,0.0,0.3,0.3,0.0,0.0,0.0,0.3,0.7,1.7,millejo02
306,Leonard Miller,SF,20,MIN,3,0,2.0,0.3,0.7,.500,0.0,0.0,,0.3,0.7,.500,.500,0.0,0.0,,0.0,2.0,2.0,0.3,0.0,0.0,0.0,0.3,0.7,millele01
307,Dariq Whitehead,SF,19,BRK,1,0,3.0,0.0,0.0,,0.0,0.0,,0.0,0.0,,,1.0,2.0,.500,0.0,0.0,0.0,0.0,0.0,1.0,0.0,0.0,1.0,whiteda01
308,Patty Mills,PG,35,ATL,4,0,8.8,0.8,2.5,.300,0.8,1.8,.429,0.0,0.8,.000,.450,0.0,0.0,,0.0,1.0,1.0,1.0,0.3,0.3,0.5,1.0,2.3,millspa02
309,Shake Milton,SG,27,MIN,25,0,15.3,1.8,4.9,.374,0.4,1.8,.244,1.4,3.1,.449,.419,1.4,1.7,.837,0.2,1.4,1.6,1.5,0.6,0.1,1.0,1.5,5.6,miltosh01
310,Justin Minaya,SF,24,POR,6,0,6.3,0.3,1.0,.333,0.3,0.7,.500,0.0,0.3,.000,.500,0.2,0.3,.500,0.7,0.2,0.8,0.0,0.0,0.2,0.2,0.3,1.2,minayju01
311,Josh Minott,SF,21,MIN,11,0,2.5,0.7,1.3,.571,0.0,0.5,.000,0.7,0.8,.889,.571,0.4,0.5,.667,0.1,0.2,0.3,0.1,0.0,0.1,0.0,0.4,1.8,minotjo01
312,Davion Mitchell,PG,25,SAC,20,3,14.1,1.4,4.1,.346,0.6,2.2,.273,0.8,1.9,.432,.420,0.5,0.7,.769,0.1,0.9,1.0,2.2,0.3,0.1,0.7,1.4,3.9,mitchda01
313,Donovan Mitchell,SG,27,CLE,22,22,36.5,9.6,21.3,.453,3.1,8.8,.351,6.5,12.5,.526,.526,5.4,6.0,.887,1.1,4.5,5.6,5.5,1.8,0.5,2.6,2.3,27.7,mitchdo01
314,Evan Mobley,PF,22,CLE,21,21,33.6,6.8,11.8,.573,0.1,0.5,.200,6.7,11.3,.588,.577,2.4,3.1,.769,2.7,7.8,10.5,2.9,0.8,1.7,2.3,2.9,16.0,mobleev01
315,Isaiah Mobley,PF,24,CLE,2,0,5.0,0.5,1.5,.333,0.0,0.5,.000,0.5,1.0,.500,.333,0.0,0.0,,0.0,1.0,1.0,1.5,0.5,0.0,0.5,1.0,1.0,mobleis01
316,Malik Monk,SG,25,SAC,26,0,25.2,4.8,11.1,.431,2.7,6.4,.419,2.1,4.7,.446,.552,2.3,2.6,.897,0.5,2.1,2.6,5.2,0.6,0.5,2.2,1.7,14.6,monkma01
317,Moses Moody,SG,21,GSW,27,4,18.8,3.1,6.5,.474,1.1,3.1,.345,2.0,3.4,.593,.557,1.2,1.6,.750,1.3,2.1,3.4,1.0,0.7,0.3,0.7,1.4,8.4,moodymo01
318,Xavier Moon,SG,29,LAC,2,0,6.0,0.5,1.0,.500,0.0,0.5,.000,0.5,0.5,1.000,.500,0.0,0.0,,0.0,1.0,1.0,1.5,0.0,0.0,0.5,0.5,1.0,moonxa01
319,Wendell Moore Jr.,SG,22,MIN,6,0,2.3,0.2,0.5,.333,0.0,0.3,.000,0.2,0.2,1.000,.333,0.0,0.0,,0.0,0.2,0.2,0.2,0.2,0.0,0.2,0.2,0.3,moorewe01
320,Ja Morant,PG,24,MEM,1,1,35.0,12.0,24.0,.500,0.0,5.0,.000,12.0,19.0,.632,.500,10.0,12.0,.833,3.0,3.0,6.0,8.0,2.0,1.0,5.0,2.0,34.0,moranja01
321,Marcus Morris,PF,34,PHI,19,3,13.7,2.2,4.4,.506,1.1,1.9,.541,1.2,2.4,.478,.627,0.3,0.3,1.000,0.4,2.2,2.5,0.6,0.4,0.4,0.3,1.6,5.7,morrima03
322,Markieff Morris,PF,34,DAL,11,0,10.4,1.2,3.5,.342,0.6,2.1,.304,0.5,1.4,.400,.434,0.0,0.0,,0.4,1.6,2.0,0.9,0.4,0.1,0.6,0.8,3.0,morrima02
323,Trey Murphy III,SF,23,NOP,8,0,25.3,4.9,10.0,.488,2.4,6.0,.396,2.5,4.0,.625,.606,2.8,3.3,.846,0.1,3.6,3.8,1.8,0.5,0.4,0.4,0.9,14.9,murphtr02
324,Dejounte Murray,SG,27,ATL,27,27,34.3,7.6,16.9,.452,2.3,6.0,.374,5.4,10.9,.495,.519,2.5,2.9,.848,0.8,3.6,4.3,5.4,1.5,0.4,2.1,1.6,20.0,murrade01
325,Jamal Murray,PG,26,DEN,15,15,29.0,6.9,15.0,.458,2.3,5.4,.432,4.5,9.6,.472,.536,2.3,2.5,.921,0.4,2.9,3.3,5.7,0.6,0.8,1.9,2.1,18.4,murraja01
326,Keegan Murray,SF,23,SAC,22,22,32.0,5.8,12.9,.447,2.6,7.0,.370,3.2,5.9,.538,.548,1.7,2.0,.860,1.5,4.0,5.5,1.8,1.2,0.4,1.0,2.8,15.8,murrake02
327,Kris Murray,SF,23,POR,13,0,11.1,0.9,2.8,.324,0.6,1.8,.333,0.3,1.0,.308,.432,0.2,0.4,.600,0.6,1.2,1.8,0.5,0.8,0.2,0.1,0.8,2.7,murrakr01
328,Mike Muscala,C,32,WAS,14,2,12.9,1.1,2.8,.385,0.4,1.6,.261,0.6,1.1,.563,.462,1.0,1.1,.875,0.6,1.9,2.4,0.9,0.2,0.4,0.7,1.1,3.6,muscami01
329,Svi Mykhailiuk,SF,26,BOS,11,0,7.5,0.6,2.3,.280,0.4,1.8,.200,0.3,0.5,.600,.360,0.0,0.0,,0.3,0.5,0.8,0.4,0.4,0.0,0.4,0.5,1.6,mykhasv01
330,Larry Nance Jr.,C,31,NOP,14,0,15.1,1.5,3.0,.500,0.2,0.8,.273,1.3,2.2,.581,.536,0.3,0.6,.500,1.3,2.9,4.1,0.7,0.6,0.3,0.9,1.4,3.5,nancela02
331,Andrew Nembhard,PG,24,IND,17,2,18.1,3.1,6.7,.456,0.5,2.2,.243,2.5,4.5,.558,.496,0.4,0.5,.667,0.5,1.2,1.7,4.1,0.9,0.1,1.3,1.9,7.0,nembhan01
332,Aaron Nesmith,SF,24,IND,24,1,24.5,4.3,7.8,.548,2.0,4.2,.470,2.3,3.7,.636,.673,1.3,1.8,.682,0.9,2.1,3.0,1.0,0.9,0.7,0.7,3.3,11.8,nesmiaa01
333,Georges Niang,PF,30,CLE,28,1,22.3,3.0,7.4,.399,1.5,4.5,.336,1.5,3.0,.494,.500,0.5,0.5,.933,0.4,3.2,3.6,1.2,0.3,0.1,0.8,2.4,7.9,niangge01
334,Daishen Nix,PG,21,MIN,6,0,3.5,0.5,1.3,.375,0.3,0.8,.400,0.2,0.5,.333,.500,0.0,0.3,.000,0.0,0.2,0.2,0.0,0.2,0.0,0.0,0.0,1.3,nixda01
335,Zeke Nnaji,PF,23,DEN,23,0,10.7,1.4,2.9,.500,0.2,0.5,.364,1.3,2.4,.527,.530,1.0,1.5,.629,1.3,1.2,2.5,0.6,0.2,0.7,0.6,1.5,4.0,nnajize01
336,Jaylen Nowell,SG,24,MEM,9,1,17.3,2.4,6.1,.400,0.4,2.6,.174,2.0,3.6,.563,.436,0.3,0.3,1.000,0.3,1.2,1.6,1.8,0.3,0.0,0.6,1.4,5.7,nowelja01
337,Markquis Nowell,SG,24,TOR,1,0,4.0,0.0,1.0,.000,0.0,0.0,,0.0,1.0,.000,.000,2.0,2.0,1.000,2.0,0.0,2.0,2.0,1.0,0.0,0.0,0.0,2.0,nowelma01
338,Jusuf Nurkić,C,29,PHO,27,27,28.5,4.5,9.7,.464,0.6,2.4,.266,3.9,7.3,.528,.496,2.6,3.6,.711,3.0,7.3,10.3,3.9,1.0,1.2,2.1,3.6,12.1,nurkiju01
339,Jordan Nwora,SF,25,IND,10,0,11.8,2.7,5.6,.482,0.8,2.4,.333,1.9,3.2,.594,.554,0.6,0.7,.857,0.7,1.5,2.2,1.1,0.5,0.1,1.0,1.2,6.8,nworajo01
340,Royce O'Neale,SF,30,BRK,26,5,27.7,2.7,7.0,.377,2.3,5.9,.383,0.4,1.1,.345,.538,0.3,0.5,.583,0.8,4.1,4.9,3.3,0.8,0.8,1.0,2.7,7.8,onealro01
341,Chuma Okeke,SF,25,ORL,13,0,4.7,0.5,1.4,.389,0.3,0.9,.333,0.2,0.5,.500,.500,0.0,0.0,,0.2,0.8,1.1,0.3,0.2,0.0,0.2,0.1,1.4,okekech01
342,Josh Okogie,SG,25,PHO,23,11,21.3,2.0,4.7,.417,0.6,2.2,.275,1.3,2.5,.544,.481,2.0,2.6,.767,1.7,1.7,3.4,1.2,1.0,0.5,0.8,1.3,6.5,okogijo01
343,Onyeka Okongwu,C,23,ATL,27,2,24.6,3.7,6.3,.586,0.4,1.4,.297,3.3,4.9,.667,.618,1.9,2.2,.850,2.4,4.4,6.9,1.4,0.4,0.9,0.7,2.7,9.6,okongon01
344,Isaac Okoro,SF,23,CLE,19,8,24.5,2.6,5.5,.476,0.8,2.2,.390,1.8,3.4,.531,.552,1.1,1.7,.625,1.5,2.1,3.6,1.9,0.9,0.4,0.7,2.2,7.2,okorois01
345,Kelly Olynyk,C,32,UTA,26,5,21.6,2.5,4.7,.537,0.7,1.8,.413,1.8,3.0,.610,.614,1.4,1.6,.878,1.5,4.1,5.7,4.3,0.8,0.3,1.8,2.7,7.2,olynyke01
346,Eugene Omoruyi,SF,26,WAS,15,0,5.7,1.7,2.8,.595,0.3,0.9,.385,1.3,1.9,.690,.655,0.9,1.1,.765,0.6,1.0,1.6,0.5,0.4,0.1,0.5,0.9,4.5,omorueu01
347,Cedi Osman,SF,28,SAS,26,1,19.3,3.2,6.8,.477,1.3,3.6,.372,1.9,3.2,.598,.577,0.8,1.1,.714,0.4,2.0,2.4,1.7,0.4,0.2,0.6,1.6,8.6,osmande01
348,Kelly Oubre Jr.,SF,28,PHI,16,6,25.4,5.0,10.3,.485,1.5,4.4,.343,3.5,5.9,.589,.558,1.8,2.5,.725,1.1,3.1,4.2,0.6,1.2,0.3,0.8,2.3,13.3,oubreke01
349,Chris Paul,PG,38,GSW,24,7,27.5,3.1,7.8,.396,1.1,3.6,.314,2.0,4.2,.465,.468,1.3,1.4,.909,0.3,3.4,3.8,7.6,1.3,0.0,1.3,1.8,8.5,paulch01
350,Cameron Payne,PG,29,MIL,27,2,16.5,2.3,5.1,.453,1.1,2.9,.390,1.2,2.2,.533,.562,0.6,0.6,.941,0.0,1.1,1.2,2.4,0.4,0.1,0.9,2.0,6.3,payneca01
351,Gary Payton II,SG,31,GSW,14,0,17.3,2.4,5.1,.479,0.6,2.0,.321,1.8,3.1,.581,.542,0.4,0.6,.667,1.1,2.1,3.1,0.9,1.2,0.3,0.6,1.9,5.9,paytoga02
352,Filip Petrušev,C,23,TOT,3,0,3.3,0.3,0.7,.500,0.0,0.0,,0.3,0.7,.500,.500,0.3,0.7,.500,0.0,0.3,0.3,0.0,0.0,0.0,0.0,0.3,1.0,petrufi01
352,Filip Petrušev,C,23,PHI,1,0,3.0,0.0,0.0,,0.0,0.0,,0.0,0.0,,,0.0,0.0,,0.0,1.0,1.0,0.0,0.0,0.0,0.0,0.0,0.0,petrufi01
352,Filip Petrušev,C,23,SAC,2,0,3.5,0.5,1.0,.500,0.0,0.0,,0.5,1.0,.500,.500,0.5,1.0,.500,0.0,0.0,0.0,0.0,0.0,0.0,0.0,0.5,1.5,petrufi01
353,Julian Phillips,SF,20,CHI,16,0,4.4,0.3,1.1,.294,0.0,0.5,.000,0.3,0.6,.556,.294,0.1,0.3,.250,0.1,0.5,0.6,0.4,0.1,0.0,0.1,0.6,0.7,phillju01
354,Jalen Pickett,SG,24,DEN,12,0,6.4,0.8,1.8,.476,0.5,1.3,.400,0.3,0.5,.667,.619,0.2,0.2,1.000,0.1,0.8,0.8,0.7,0.3,0.0,0.5,0.6,2.3,pickeja02
355,Mason Plumlee,C,33,LAC,6,0,17.0,2.0,3.2,.632,0.0,0.0,,2.0,3.2,.632,.632,1.0,2.3,.429,1.3,4.2,5.5,1.0,0.7,0.2,0.8,1.0,5.0,plumlma01
356,Brandin Podziemski,SG,20,GSW,21,4,21.5,3.2,7.1,.456,1.1,2.9,.400,2.1,4.2,.494,.537,0.7,1.1,.652,1.4,3.5,5.0,2.6,0.8,0.2,1.4,1.9,8.3,podzibr01
357,Jakob Poeltl,C,28,TOR,27,27,26.0,4.8,6.6,.725,0.0,0.0,,4.8,6.6,.725,.725,1.0,2.0,.509,2.8,5.3,8.1,2.3,0.7,1.1,1.6,2.7,10.6,poeltja01
358,Aleksej Pokusevski,PF,22,OKC,7,0,6.1,0.3,1.6,.182,0.1,1.1,.125,0.1,0.4,.333,.227,0.1,0.3,.500,0.3,0.9,1.1,0.7,0.0,0.1,0.4,0.7,0.9,pokusal01
359,Jordan Poole,SG,24,WAS,25,25,29.4,6.2,15.0,.416,2.1,6.4,.325,4.2,8.6,.484,.485,2.8,3.2,.864,0.4,2.1,2.5,3.5,1.0,0.3,2.8,3.2,17.4,poolejo01
360,Craig Porter Jr.,PG,23,CLE,17,2,14.6,2.7,5.3,.511,0.2,0.6,.364,2.5,4.6,.532,.533,1.2,1.6,.714,0.4,1.6,2.1,2.7,0.6,0.5,0.9,0.9,6.8,portecr01
361,Michael Porter Jr.,SF,25,DEN,29,29,31.2,6.3,13.4,.467,2.7,7.1,.385,3.6,6.4,.557,.568,1.0,1.4,.750,1.6,6.2,7.8,1.5,0.5,0.7,1.1,2.0,16.3,portemi01
362,Otto Porter Jr.,SF,30,TOR,11,1,11.8,0.9,2.4,.385,0.6,1.7,.368,0.3,0.6,.429,.519,0.1,0.1,1.000,0.5,1.6,2.2,0.3,0.4,0.4,0.2,1.1,2.5,porteot01
363,Bobby Portis,PF,28,MIL,27,0,23.9,5.2,10.2,.513,1.0,2.9,.364,4.2,7.3,.571,.564,1.3,1.6,.810,1.6,5.1,6.7,1.1,0.7,0.5,0.9,2.4,12.7,portibo01
364,Kristaps Porziņģis,C,28,BOS,20,20,30.2,6.4,12.1,.529,1.8,5.0,.350,4.7,7.1,.655,.601,4.6,5.5,.836,1.5,5.4,6.9,1.7,0.8,1.8,1.7,3.1,19.2,porzikr01
365,Micah Potter,PF,25,UTA,2,0,3.5,0.0,0.5,.000,0.0,0.5,.000,0.0,0.0,,.000,0.0,0.0,,0.0,2.0,2.0,0.0,0.0,0.0,0.0,0.0,0.0,pottemi01
366,Dwight Powell,C,32,DAL,24,3,14.8,1.3,1.9,.711,0.0,0.0,1.000,1.3,1.8,.705,.722,1.6,2.0,.796,1.5,1.8,3.2,1.3,0.4,0.4,0.4,2.0,4.3,poweldw01
367,Norman Powell,SG,30,LAC,27,0,25.4,4.6,9.1,.506,1.9,4.2,.451,2.7,4.9,.553,.610,2.3,2.7,.875,0.1,2.0,2.2,1.1,0.6,0.4,1.0,1.9,13.4,powelno01
368,Joshua Primo,SG,21,LAC,1,0,5.0,1.0,2.0,.500,0.0,1.0,.000,1.0,1.0,1.000,.500,0.0,0.0,,0.0,0.0,0.0,0.0,0.0,1.0,3.0,0.0,2.0,primojo01
369,Taurean Prince,PF,29,LAL,26,26,30.6,3.6,8.3,.433,2.0,5.3,.377,1.6,3.0,.532,.553,0.6,0.8,.727,0.3,2.4,2.7,1.8,0.8,0.5,0.9,2.1,9.8,princta02
370,Payton Pritchard,PG,26,BOS,27,0,20.4,2.5,6.0,.417,1.6,4.0,.394,0.9,2.0,.463,.549,0.5,0.7,.722,0.9,2.3,3.1,2.9,0.4,0.1,0.6,1.2,7.1,pritcpa01
371,Olivier-Maxence Prosper,PF,21,DAL,17,0,8.4,0.7,2.1,.343,0.3,1.3,.227,0.4,0.8,.538,.414,0.5,0.8,.643,0.4,1.4,1.8,0.8,0.1,0.1,0.1,0.5,2.2,prospol01
372,Neemias Queta,C,24,BOS,7,0,15.0,2.1,4.4,.484,0.0,0.0,,2.1,4.4,.484,.484,0.6,0.7,.800,2.9,3.0,5.9,0.3,0.6,0.4,0.6,2.0,4.9,quetane01
373,Immanuel Quickley,SG,24,NYK,26,0,24.0,5.1,11.4,.444,2.1,5.4,.383,3.0,6.0,.500,.535,2.7,3.2,.855,0.2,2.7,2.8,2.7,0.6,0.1,1.0,1.5,15.0,quickim01
374,Lester Quinones,SG,23,GSW,2,0,4.5,1.0,3.0,.333,0.5,2.0,.250,0.5,1.0,.500,.417,0.0,0.0,,0.0,0.0,0.0,0.0,0.0,0.0,0.5,0.5,2.5,quinole01
375,Julius Randle,PF,29,NYK,27,27,35.3,8.3,17.9,.464,1.5,5.2,.293,6.8,12.7,.534,.506,4.6,6.1,.752,2.1,7.4,9.5,5.2,0.6,0.2,3.2,2.7,22.7,randlju01
376,Duop Reath,C,27,POR,17,4,14.9,2.8,6.6,.420,1.4,4.1,.348,1.4,2.5,.535,.527,1.1,1.2,.905,1.1,1.7,2.8,1.2,0.6,0.3,0.6,1.8,8.1,reathdu01
377,Austin Reaves,SG,25,LAL,28,9,29.5,5.3,11.1,.476,1.7,4.7,.364,3.6,6.4,.559,.553,2.9,3.3,.871,0.9,3.7,4.6,4.9,0.9,0.1,2.4,1.4,15.2,reaveau01
378,Cam Reddish,SF,24,LAL,23,16,24.3,2.5,6.3,.403,0.9,2.9,.318,1.6,3.4,.474,.476,1.3,1.5,.853,0.6,2.2,2.8,1.3,1.5,0.3,0.7,1.8,7.2,reddica01
379,Paul Reed,C,24,PHI,27,1,13.7,2.2,3.8,.578,0.1,0.4,.364,2.0,3.4,.604,.598,0.5,0.6,.813,1.8,2.6,4.4,1.1,0.5,0.6,1.0,2.1,5.0,reedpa01
380,Naz Reid,C,24,MIN,26,0,22.4,5.0,10.1,.500,1.9,4.9,.386,3.2,5.2,.607,.594,1.4,1.5,.925,1.1,3.4,4.5,0.9,0.7,0.6,1.2,1.7,13.4,reidna01
381,Jared Rhoden,SG,24,DET,5,0,6.0,1.0,1.8,.556,0.2,0.8,.250,0.8,1.0,.800,.611,0.4,0.4,1.000,0.2,0.6,0.8,0.6,0.0,0.0,0.4,0.8,2.6,rhodeja01
382,Nick Richards,C,26,CHO,20,7,21.1,3.2,4.5,.708,0.0,0.0,,3.2,4.5,.708,.708,2.1,2.6,.824,2.2,4.4,6.6,0.6,0.4,1.2,1.0,2.7,8.4,richani01
383,Josh Richardson,SG,30,MIA,23,4,27.7,3.7,8.4,.443,1.5,4.5,.340,2.2,4.0,.560,.534,1.3,1.5,.912,0.5,2.2,2.7,3.0,0.6,0.3,1.0,1.7,10.3,richajo01
384,Duncan Robinson,SF,29,MIA,26,16,29.1,5.2,10.6,.487,3.1,7.0,.442,2.1,3.6,.574,.633,1.2,1.5,.816,0.3,2.5,2.8,3.2,0.5,0.1,1.3,2.3,14.6,robindu01
385,Jerome Robinson,SG,26,GSW,1,0,5.0,0.0,2.0,.000,0.0,0.0,,0.0,2.0,.000,.000,0.0,0.0,,1.0,1.0,2.0,0.0,0.0,0.0,0.0,0.0,0.0,robinje01
386,Mitchell Robinson,C,25,NYK,21,21,29.2,2.8,4.7,.592,0.0,0.0,,2.8,4.7,.592,.592,0.7,1.8,.368,5.3,5.0,10.3,0.7,1.5,1.3,1.0,1.9,6.2,robinmi01
387,Orlando Robinson,C,23,MIA,13,7,16.2,2.4,4.5,.525,0.5,0.9,.583,1.8,3.6,.511,.585,0.8,1.1,.714,1.4,3.1,4.5,1.8,0.4,0.5,1.0,2.2,6.1,robinor01
388,Jeremiah Robinson-Earl,PF,23,NOP,11,1,10.1,1.5,2.8,.516,0.5,1.0,.545,0.9,1.8,.500,.613,0.5,0.5,1.000,0.9,1.5,2.5,0.5,0.2,0.0,0.5,0.8,4.0,robinje02
389,David Roddy,PF,22,MEM,26,8,23.8,3.2,7.8,.406,1.0,3.5,.289,2.2,4.3,.500,.470,0.8,1.1,.714,1.0,3.2,4.2,1.3,0.7,0.3,1.0,1.4,8.1,roddyda01
390,Ryan Rollins,PG,21,WAS,8,0,6.1,1.1,2.3,.500,0.1,0.3,.500,1.0,2.0,.500,.528,1.6,2.0,.813,0.3,1.0,1.3,1.3,1.0,0.3,0.9,0.8,4.0,rolliry01
391,Derrick Rose,PG,35,MEM,15,7,18.9,3.5,8.1,.438,0.7,2.1,.344,2.8,5.9,.472,.483,1.3,1.4,.905,0.5,1.5,2.0,3.5,0.5,0.1,1.4,1.2,9.1,rosede01
392,Terry Rozier,SG,29,CHO,17,17,35.6,8.6,18.6,.464,2.6,7.2,.358,6.1,11.4,.531,.533,3.3,3.8,.875,0.6,3.1,3.7,7.1,1.2,0.4,2.3,2.0,23.2,roziete01
393,Rayan Rupert,SG,19,POR,7,0,4.4,0.1,1.7,.083,0.1,0.9,.167,0.0,0.9,.000,.125,0.3,0.6,.500,0.1,0.0,0.1,0.3,0.3,0.0,0.3,0.1,0.7,ruperra01
394,D'Angelo Russell,PG,27,LAL,27,27,29.9,5.8,12.4,.467,2.0,5.3,.382,3.8,7.1,.531,.549,1.6,2.1,.768,0.3,2.8,3.1,6.2,0.8,0.4,1.8,2.1,15.3,russeda01
395,Matt Ryan,SF,26,NOP,13,1,22.9,2.9,6.4,.458,2.5,5.2,.471,0.5,1.2,.400,.651,1.0,1.1,.929,0.4,1.9,2.3,1.1,0.4,0.1,1.2,1.8,9.3,ryanma01
396,Domantas Sabonis,C,27,SAC,26,26,34.6,7.2,12.5,.574,0.5,1.3,.394,6.7,11.3,.594,.594,3.8,5.7,.662,3.5,8.8,12.2,7.2,0.9,0.7,3.0,3.2,18.7,sabondo01
397,Luka Šamanić,PF,24,UTA,12,0,6.8,1.5,3.4,.439,0.4,1.5,.278,1.1,1.9,.565,.500,0.2,0.2,1.000,0.3,1.8,2.1,0.3,0.1,0.2,0.5,0.8,3.6,samanlu01
398,Jermaine Samuels,SF,25,HOU,5,0,5.8,0.4,0.8,.500,0.0,0.4,.000,0.4,0.4,1.000,.500,0.4,0.4,1.000,0.2,1.2,1.4,0.4,0.0,0.2,0.0,0.6,1.2,samueje01
399,Gui Santos,PF,21,GSW,2,0,6.0,1.0,2.0,.500,0.0,0.5,.000,1.0,1.5,.667,.500,0.0,0.0,,1.0,1.0,2.0,0.5,0.0,0.0,1.0,1.0,2.0,santogu01
400,Dario Šarić,C,29,GSW,27,4,20.9,3.6,7.8,.467,1.7,4.1,.411,1.9,3.6,.531,.576,1.7,2.0,.833,1.6,4.2,5.9,2.1,0.6,0.2,1.3,2.5,10.6,saricda01
401,Olivier Sarr,C,24,OKC,6,0,10.2,1.0,1.8,.545,0.3,0.8,.400,0.7,1.0,.667,.636,0.7,1.0,.667,0.8,3.0,3.8,0.2,0.0,0.8,0.3,2.2,3.0,sarrol01
402,Marcus Sasser,PG,23,DET,26,0,17.0,3.0,6.2,.488,1.2,2.9,.427,1.8,3.3,.541,.588,0.7,0.7,.895,0.1,1.6,1.7,2.6,0.7,0.2,0.8,1.5,7.9,sassema01
403,Admiral Schofield,PF,26,ORL,8,0,3.5,0.4,1.3,.300,0.1,0.8,.167,0.3,0.5,.500,.350,0.0,0.3,.000,0.0,0.6,0.6,0.3,0.0,0.0,0.5,0.8,0.9,schofad01
404,Dennis Schröder,PG,30,TOR,27,27,32.0,5.2,12.3,.425,1.7,4.7,.359,3.5,7.6,.466,.494,2.5,2.9,.872,0.4,2.3,2.8,6.8,1.0,0.1,1.8,2.4,14.7,schrode01
405,Dereon Seabron,SG,23,NOP,5,0,10.4,0.8,2.6,.308,0.2,0.4,.500,0.6,2.2,.273,.346,1.0,1.2,.833,0.2,1.2,1.4,0.8,0.4,0.2,0.0,0.8,2.8,seabrde01
406,Alperen Şengün,C,21,HOU,25,25,32.0,8.0,15.1,.529,0.7,2.3,.293,7.3,12.8,.572,.552,3.0,4.5,.670,2.5,6.4,8.9,5.2,0.9,0.9,2.6,3.2,19.7,sengual01
407,Brice Sensabaugh,SF,20,UTA,1,0,2.0,0.0,2.0,.000,0.0,0.0,,0.0,2.0,.000,.000,0.0,0.0,,1.0,1.0,2.0,0.0,0.0,0.0,0.0,0.0,0.0,sensabr01
408,Collin Sexton,SG,25,UTA,28,5,22.9,5.0,10.9,.464,1.4,3.9,.349,3.7,7.0,.528,.526,3.5,4.0,.884,0.9,1.9,2.8,3.4,0.5,0.2,1.9,1.9,15.0,sextoco01
409,Landry Shamet,SG,26,WAS,15,0,16.9,3.2,6.7,.475,1.6,4.0,.400,1.6,2.7,.585,.594,0.3,0.7,.455,0.1,1.3,1.4,1.5,0.6,0.1,0.6,2.1,8.3,shamela01
410,Day'Ron Sharpe,C,22,BRK,27,0,15.9,2.7,5.0,.533,0.0,0.2,.000,2.7,4.8,.558,.533,1.2,2.0,.611,2.8,4.3,7.0,1.1,0.4,0.8,1.1,2.3,6.6,sharpda01
411,Shaedon Sharpe,SG,20,POR,26,25,35.0,5.7,14.0,.410,2.1,5.8,.360,3.7,8.2,.446,.485,3.2,3.9,.824,1.3,4.0,5.3,3.3,0.9,0.3,2.6,3.0,16.8,sharpsh01
412,Ben Sheppard,SG,22,IND,12,0,7.5,1.3,2.8,.441,0.6,1.8,.333,0.7,1.1,.615,.544,0.3,0.5,.667,0.2,0.5,0.7,0.7,0.3,0.0,0.1,0.9,3.4,sheppbe01
413,Pascal Siakam,PF,29,TOR,27,27,34.6,8.0,15.9,.507,1.0,3.7,.260,7.1,12.1,.582,.537,4.0,5.4,.740,1.6,5.1,6.7,4.9,0.9,0.2,2.3,2.1,21.0,siakapa01
414,Ben Simmons,PG,27,BRK,6,6,31.8,3.2,6.0,.528,0.0,0.0,,3.2,6.0,.528,.528,0.2,0.7,.250,2.7,8.2,10.8,6.7,0.5,0.8,2.5,2.7,6.5,simmobe01
415,Anfernee Simons,SG,24,POR,8,8,33.6,8.8,19.8,.443,2.9,8.3,.348,5.9,11.5,.511,.516,5.0,5.4,.930,0.8,2.3,3.0,5.8,1.0,0.1,2.5,2.3,25.4,simonan01
416,Jericho Sims,C,25,NYK,14,5,7.4,0.7,1.1,.667,0.0,0.0,,0.7,1.1,.667,.667,0.2,0.4,.600,0.4,1.3,1.7,0.2,0.1,0.1,0.1,1.0,1.6,simsje01
417,Jalen Slawson,SF,24,SAC,5,0,3.8,0.4,0.6,.667,0.0,0.2,.000,0.4,0.4,1.000,.667,0.0,0.0,,0.0,0.8,0.8,0.4,0.0,0.2,0.4,0.6,0.8,slawsja01
418,Marcus Smart,PG,29,MEM,11,11,29.9,4.6,10.8,.429,1.6,5.5,.295,3.0,5.3,.569,.504,1.5,1.9,.810,0.3,2.2,2.5,5.0,2.0,0.4,3.4,3.2,12.5,smartma01
419,Dennis Smith Jr.,PG,26,BRK,13,0,17.6,2.6,6.2,.425,0.5,1.7,.318,2.1,4.5,.466,.469,0.9,1.1,.857,0.8,2.2,3.0,3.5,0.8,0.2,0.9,2.2,6.7,smithde03
420,Dru Smith,SG,26,MIA,9,0,14.6,1.7,3.7,.455,0.8,1.9,.412,0.9,1.8,.500,.561,0.2,0.2,1.000,0.7,0.9,1.6,1.6,1.0,0.3,0.6,1.3,4.3,smithdr01
421,Ish Smith,PG,35,CHO,20,0,16.2,1.8,3.3,.530,0.1,0.2,.500,1.7,3.1,.532,.545,0.0,0.0,,0.3,1.2,1.4,2.8,0.4,0.1,1.3,1.0,3.6,smithis01
422,Jabari Smith Jr.,PF,20,HOU,25,25,30.4,4.9,10.2,.480,1.6,4.4,.369,3.3,5.8,.566,.561,1.7,2.1,.811,2.0,6.8,8.8,1.7,0.5,0.9,1.2,3.2,13.2,smithja05
423,Jalen Smith,C,23,IND,15,0,14.9,3.8,5.3,.722,1.1,1.5,.696,2.7,3.7,.732,.823,1.3,1.8,.741,1.5,3.9,5.4,0.8,0.3,0.3,1.0,2.1,10.0,smithja04
424,Nick Smith Jr.,SG,19,CHO,11,0,9.9,2.0,4.4,.458,0.9,2.2,.417,1.1,2.2,.500,.563,0.0,0.0,,0.3,0.4,0.6,0.3,0.1,0.3,0.4,0.8,4.9,smithni01
425,Jeremy Sochan,PG,20,SAS,26,25,29.1,4.0,9.8,.413,0.8,2.3,.333,3.3,7.5,.438,.453,1.5,2.0,.750,1.5,4.0,5.5,4.2,0.7,0.3,2.2,2.8,10.3,sochaje01
426,Jaden Springer,SG,21,PHI,16,0,10.6,1.4,3.6,.379,0.3,1.1,.294,1.1,2.6,.415,.422,0.8,1.0,.750,0.9,0.8,1.6,1.1,0.6,0.4,0.9,1.6,3.8,sprinja01
427,Lamar Stevens,PF,26,BOS,10,1,4.8,0.9,1.8,.500,0.2,0.6,.333,0.7,1.2,.583,.556,0.3,0.4,.750,0.5,0.5,1.0,0.3,0.4,0.3,0.4,1.0,2.3,stevela01
428,Isaiah Stewart,PF,22,DET,25,25,30.3,3.8,8.4,.455,1.3,3.6,.367,2.5,4.8,.521,.533,1.3,1.7,.786,1.8,5.0,6.8,1.4,0.3,0.6,1.7,2.6,10.2,stewais01
429,Julian Strawther,SF,21,DEN,26,0,14.0,2.2,5.6,.390,1.2,3.6,.344,1.0,2.0,.472,.500,0.5,0.7,.722,0.0,1.5,1.5,1.2,0.5,0.2,0.3,1.5,6.1,strawju01
430,Max Strus,SF,27,CLE,28,28,34.5,4.9,12.0,.411,2.9,7.9,.362,2.1,4.1,.504,.530,1.2,1.5,.805,0.8,4.6,5.4,3.8,0.9,0.5,1.6,3.0,13.9,strusma01
431,Jalen Suggs,SG,22,ORL,24,24,26.0,4.4,9.3,.471,1.7,4.5,.374,2.7,4.8,.560,.561,2.0,2.4,.828,0.6,2.9,3.5,2.5,1.7,0.6,1.9,2.7,12.4,suggsja01
432,Cole Swider,SF,24,MIA,3,0,9.7,2.0,4.7,.429,1.3,3.7,.364,0.7,1.0,.667,.571,0.0,0.0,,0.0,0.3,0.3,1.0,0.3,0.3,0.3,0.3,5.3,swideco01
433,Jae'Sean Tate,SF,28,HOU,23,0,17.8,2.0,4.3,.469,0.6,1.7,.350,1.4,2.5,.552,.541,0.4,0.6,.714,1.0,2.3,3.4,1.1,0.8,0.3,0.4,2.4,5.0,tateja01
434,Jayson Tatum,PF,25,BOS,26,26,36.8,9.3,19.5,.476,3.0,8.6,.345,6.3,11.0,.579,.552,5.2,6.6,.795,0.9,7.8,8.7,4.2,1.0,0.5,3.0,2.2,26.8,tatumja01
435,Terry Taylor,PF,24,CHI,7,0,1.9,0.3,0.3,1.000,0.0,0.0,,0.3,0.3,1.000,1.000,0.0,0.0,,0.1,0.1,0.3,0.0,0.1,0.0,0.0,0.0,0.6,taylote01
436,Garrett Temple,SG,37,TOR,6,0,3.2,0.7,0.8,.800,0.2,0.2,1.000,0.5,0.7,.750,.900,0.3,0.3,1.000,0.0,0.3,0.3,0.5,0.2,0.0,0.0,0.0,1.8,templga01
437,Dalen Terry,SG,21,CHI,13,0,7.6,0.5,1.5,.368,0.2,0.8,.182,0.4,0.6,.625,.421,0.2,0.3,.500,0.3,1.2,1.5,0.9,0.1,0.2,0.3,0.9,1.4,terryda01
438,Daniel Theis,C,31,TOT,17,0,16.6,2.6,5.8,.459,0.5,1.1,.444,2.2,4.7,.463,.500,1.0,1.4,.708,1.7,2.1,3.8,0.9,0.4,0.9,0.5,2.6,6.8,theisda01
438,Daniel Theis,C,31,IND,1,0,8.0,1.0,4.0,.250,0.0,1.0,.000,1.0,3.0,.333,.250,0.0,0.0,,0.0,0.0,0.0,0.0,0.0,0.0,0.0,1.0,2.0,theisda01
438,Daniel Theis,C,31,LAC,16,0,17.2,2.8,5.9,.468,0.5,1.1,.471,2.3,4.8,.468,.511,1.1,1.5,.708,1.8,2.3,4.1,0.9,0.4,0.9,0.6,2.7,7.1,theisda01
439,Cam Thomas,SG,22,BRK,18,16,31.7,8.9,19.7,.455,2.5,6.4,.388,6.4,13.2,.487,.518,3.7,4.4,.838,0.3,2.9,3.2,2.4,0.6,0.5,1.8,2.1,24.1,thomaca02
440,Amen Thompson,SF,21,HOU,6,0,14.3,1.8,4.3,.423,0.3,2.0,.167,1.5,2.3,.643,.462,0.8,1.3,.625,0.5,2.5,3.0,1.2,0.3,0.2,1.0,1.8,4.8,thompam01
441,Ausar Thompson,SF,21,DET,27,23,27.0,4.2,9.0,.463,0.3,2.0,.151,3.9,7.1,.550,.480,1.3,1.9,.692,2.7,5.4,8.1,2.4,0.9,1.1,1.7,3.4,10.0,thompau01
442,Klay Thompson,SF,33,GSW,26,26,30.5,5.8,14.0,.419,3.2,8.4,.376,2.7,5.6,.483,.532,2.3,2.5,.908,0.6,3.3,3.9,2.2,0.5,0.5,1.7,2.1,17.1,thompkl01
443,Tristan Thompson,PF,32,CLE,23,0,10.7,1.4,2.0,.717,0.0,0.0,,1.4,2.0,.717,.717,0.4,1.1,.360,1.5,1.9,3.3,0.8,0.3,0.3,0.4,1.0,3.3,thomptr01
444,JT Thor,PF,21,CHO,23,1,15.7,1.3,3.4,.372,0.5,1.8,.293,0.7,1.6,.459,.449,0.1,0.3,.429,0.8,1.7,2.5,0.4,0.3,0.4,0.3,1.2,3.2,thorjt01
445,Matisse Thybulle,SF,26,POR,26,12,23.2,2.2,4.8,.460,1.6,3.8,.410,0.7,1.0,.654,.623,0.3,0.4,.800,0.4,1.6,2.0,1.0,1.7,0.8,0.7,1.1,6.3,thybuma01
446,Xavier Tillman Sr.,C,25,MEM,14,6,20.6,2.8,7.1,.390,0.6,2.2,.290,2.1,4.9,.435,.435,0.4,1.0,.357,1.4,3.4,4.7,1.6,1.4,0.7,0.9,1.8,6.6,tillmxa01
447,Jacob Toppin,SF,23,NYK,1,0,2.0,0.0,0.0,,0.0,0.0,,0.0,0.0,,,0.0,0.0,,0.0,0.0,0.0,0.0,0.0,1.0,0.0,0.0,0.0,toppija01
448,Obi Toppin,PF,25,IND,26,25,24.0,4.8,8.0,.609,1.2,3.2,.369,3.7,4.7,.772,.684,1.2,1.5,.795,1.0,2.4,3.4,1.3,0.5,0.6,0.8,2.1,12.1,toppiob01
449,Juan Toscano-Anderson,SF,30,SAC,3,0,3.3,0.3,1.0,.333,0.0,0.3,.000,0.3,0.7,.500,.333,0.0,0.0,,0.3,0.7,1.0,0.7,0.0,0.0,0.3,1.0,0.7,toscaju01
450,Karl-Anthony Towns,PF,28,MIN,26,26,33.3,8.1,15.5,.520,2.0,4.6,.425,6.1,10.9,.560,.583,4.1,4.6,.899,1.7,7.9,9.6,3.0,0.9,0.7,2.9,3.3,22.2,townska01
451,Gary Trent Jr.,SG,25,TOR,24,2,25.3,4.0,10.2,.393,1.9,5.4,.354,2.1,4.8,.439,.488,0.9,1.5,.629,0.2,2.0,2.3,1.6,0.6,0.1,0.6,1.0,10.8,trentga02
452,Oscar Tshiebwe,PF,24,IND,3,0,5.7,1.3,2.7,.500,0.0,0.0,,1.3,2.7,.500,.500,1.0,1.3,.750,0.7,1.0,1.7,0.7,0.0,0.0,0.0,0.3,3.7,tshieos01
453,P.J. Tucker,PF,38,TOT,15,3,15.9,0.4,1.3,.316,0.3,1.1,.313,0.1,0.2,.333,.447,0.2,0.2,1.000,1.1,1.8,2.9,0.5,0.6,0.2,0.3,2.3,1.3,tuckepj01
453,P.J. Tucker,PF,38,PHI,3,3,22.0,0.7,1.7,.400,0.7,1.7,.400,0.0,0.0,,.600,0.0,0.0,,0.3,4.3,4.7,0.0,1.0,0.7,0.7,3.0,2.0,tuckepj01
453,P.J. Tucker,PF,38,LAC,12,0,14.4,0.3,1.2,.286,0.3,0.9,.273,0.1,0.3,.333,.393,0.3,0.3,1.000,1.3,1.2,2.4,0.7,0.5,0.1,0.2,2.2,1.2,tuckepj01
454,Myles Turner,C,27,IND,25,25,27.1,6.1,12.1,.503,1.4,4.2,.327,4.7,7.9,.596,.560,3.4,4.3,.787,1.9,5.8,7.7,1.2,0.6,2.0,1.4,3.0,16.9,turnemy01
455,Hunter Tyson,PF,23,DEN,8,0,2.5,0.1,0.5,.250,0.0,0.4,.000,0.1,0.1,1.000,.250,0.0,0.0,,0.0,0.6,0.6,0.1,0.0,0.0,0.0,0.6,0.3,tysonhu01
456,Stanley Umude,SG,24,DET,15,0,10.3,1.3,2.9,.455,0.9,1.8,.519,0.4,1.1,.353,.614,1.4,1.5,.913,0.2,1.7,1.9,0.5,0.3,0.3,0.7,1.6,5.0,umudest01
457,Jonas Valančiūnas,C,31,NOP,28,28,27.7,5.8,10.1,.574,0.8,2.0,.382,5.0,8.1,.621,.612,2.6,3.2,.800,2.5,7.4,9.9,2.4,0.5,1.3,1.4,3.3,14.9,valanjo01
458,Jarred Vanderbilt,PF,24,LAL,7,0,14.1,0.4,1.9,.231,0.0,1.0,.000,0.4,0.9,.500,.231,0.1,0.3,.500,1.0,2.6,3.6,0.9,0.3,0.3,0.3,1.7,1.0,vandeja01
459,Fred VanVleet,PG,29,HOU,24,24,38.5,5.8,14.6,.397,3.0,7.8,.388,2.8,6.8,.407,.501,3.1,3.5,.881,0.3,4.0,4.4,9.0,1.1,0.6,1.7,2.0,17.7,vanvlfr01
460,Devin Vassell,SG,23,SAS,21,15,29.7,6.6,14.2,.466,2.6,7.1,.369,4.0,7.1,.564,.559,2.3,3.0,.790,0.4,3.0,3.4,2.8,0.9,0.1,1.4,1.0,18.2,vassede01
461,Sasha Vezenkov,PF,28,SAC,23,0,14.0,2.2,5.1,.436,1.2,3.2,.378,1.0,1.9,.535,.556,0.3,0.3,.750,0.8,2.1,2.9,0.5,0.5,0.3,0.3,1.1,5.9,vezenal01
462,Gabe Vincent,PG,27,LAL,5,0,25.4,2.4,6.4,.375,0.4,3.4,.118,2.0,3.0,.667,.406,0.2,0.4,.500,0.4,0.6,1.0,3.0,1.2,0.0,0.4,2.4,5.4,vincega01
463,Nikola Vučević,C,33,CHI,29,29,34.3,7.0,15.5,.449,1.1,3.8,.294,5.9,11.8,.499,.484,1.6,1.8,.865,2.9,7.6,10.5,3.4,0.8,0.8,1.7,2.7,16.6,vucevni01
464,Dean Wade,PF,27,CLE,21,14,21.0,1.6,4.0,.410,1.3,3.5,.365,0.3,0.4,.778,.572,0.5,0.7,.786,1.3,3.1,4.4,1.0,0.9,0.3,0.5,2.3,5.0,wadede01
465,Franz Wagner,SF,22,ORL,26,26,33.3,7.3,16.3,.446,1.4,4.9,.283,5.9,11.4,.515,.488,3.8,4.6,.840,1.1,4.7,5.8,3.9,1.1,0.3,1.7,2.1,19.8,wagnefr01
466,Moritz Wagner,C,26,ORL,26,0,18.8,4.5,7.4,.615,0.5,1.6,.341,4.0,5.8,.689,.651,2.0,2.6,.776,1.5,2.6,4.1,1.1,0.5,0.3,1.5,2.5,11.6,wagnemo01
467,Ish Wainright,SF,29,POR,2,0,2.5,0.0,0.5,.000,0.0,0.5,.000,0.0,0.0,,.000,0.0,0.0,,0.0,0.0,0.0,0.0,0.5,0.0,0.0,0.5,0.0,wainris01
468,Jabari Walker,SF,21,POR,26,0,17.6,2.7,5.9,.464,0.5,1.9,.265,2.2,4.0,.558,.507,1.3,1.7,.778,1.6,3.3,4.8,0.7,0.7,0.4,0.8,2.2,7.3,walkeja01
469,Jarace Walker,PF,20,IND,8,0,10.5,1.5,3.5,.429,0.4,1.4,.273,1.1,2.1,.529,.482,0.4,0.4,1.000,0.1,1.4,1.5,1.4,0.5,0.4,0.4,1.4,3.8,walkeja02
470,Lonnie Walker IV,SG,25,BRK,17,0,21.3,5.2,10.6,.489,2.6,5.6,.463,2.6,5.0,.518,.611,1.7,2.2,.763,0.2,2.5,2.6,1.6,0.6,0.4,1.5,0.9,14.6,walkelo01
471,Cason Wallace,SG,20,OKC,25,5,21.8,2.8,4.8,.579,1.1,2.2,.500,1.7,2.7,.642,.690,0.5,0.6,.800,0.5,1.8,2.2,1.4,0.6,0.4,0.5,1.7,7.2,wallaca01
472,P.J. Washington,PF,25,CHO,23,13,30.0,5.0,11.8,.424,2.0,6.0,.326,3.0,5.8,.526,.507,1.4,1.9,.744,1.2,4.0,5.1,2.4,0.8,0.8,1.4,2.8,13.3,washipj01
473,TyTy Washington Jr.,PG,22,MIL,2,0,3.0,0.5,1.5,.333,0.5,1.0,.500,0.0,0.5,.000,.500,0.0,0.0,,0.0,0.5,0.5,0.0,0.5,0.0,1.0,0.0,1.5,washity02
474,Yuta Watanabe,SF,29,PHO,19,0,17.3,1.5,4.2,.350,1.2,3.5,.348,0.3,0.7,.357,.494,0.5,0.7,.692,0.5,1.5,2.1,0.5,0.4,0.4,0.7,1.5,4.6,watanyu01
475,Lindy Waters III,SG,26,OKC,9,0,7.8,1.0,2.4,.409,0.9,2.3,.381,0.1,0.1,1.000,.591,0.0,0.0,,0.1,0.6,0.7,0.7,0.0,0.1,0.0,0.7,2.9,waterli01
476,Trendon Watford,PF,23,BRK,20,0,14.0,2.7,5.1,.525,0.3,1.0,.316,2.4,4.1,.573,.554,0.8,0.9,.889,1.0,2.5,3.5,1.9,0.5,0.4,1.1,1.9,6.4,watfotr01
477,Peyton Watson,SF,21,DEN,27,0,16.7,2.3,4.5,.516,0.4,1.2,.333,1.9,3.3,.584,.561,0.9,1.3,.639,0.6,1.9,2.5,1.1,0.6,0.9,0.6,1.6,5.9,watsope01
478,Victor Wembanyama,PF,20,SAS,24,24,30.5,7.1,16.3,.436,1.4,5.0,.281,5.7,11.2,.506,.479,3.4,4.3,.786,2.4,8.5,11.0,2.7,1.3,3.0,3.4,2.6,19.0,wembavi01
479,Blake Wesley,SG,20,SAS,6,0,4.3,0.5,1.3,.375,0.0,0.2,.000,0.5,1.2,.429,.375,0.2,0.3,.500,0.2,0.2,0.3,1.0,0.0,0.2,0.2,0.5,1.2,weslebl01
480,Russell Westbrook,PG,35,LAC,27,10,24.1,4.5,9.9,.459,0.6,2.3,.270,3.9,7.5,.517,.491,1.5,2.4,.606,1.6,4.7,6.2,4.7,1.1,0.5,2.3,2.1,11.1,westbru01
481,Coby White,PG,23,CHI,29,29,34.7,6.1,13.7,.449,3.2,7.4,.426,3.0,6.2,.478,.566,2.0,2.4,.831,0.5,3.6,4.1,4.9,0.8,0.2,1.8,2.6,17.5,whiteco01
482,Derrick White,SG,29,BOS,24,24,32.6,5.5,11.1,.492,2.8,6.5,.429,2.7,4.6,.582,.618,2.8,3.2,.868,0.8,3.2,4.0,5.1,1.3,1.2,1.7,2.1,16.5,whitede01
483,Cam Whitmore,SF,19,HOU,5,0,6.4,1.4,3.0,.467,0.2,1.0,.200,1.2,2.0,.600,.500,1.0,2.0,.500,0.2,1.4,1.6,0.4,0.2,0.0,0.4,0.4,4.0,whitmca01
484,Aaron Wiggins,SG,25,OKC,23,0,11.8,1.9,3.2,.603,0.5,1.0,.478,1.4,2.2,.660,.678,0.7,1.0,.739,0.6,1.4,2.0,0.7,0.4,0.0,0.5,1.0,5.0,wiggiaa01
485,Andrew Wiggins,SF,28,GSW,25,21,26.6,4.7,11.2,.420,1.0,3.2,.300,3.8,8.0,.468,.463,1.9,2.9,.667,2.0,2.6,4.6,1.1,0.3,0.4,1.7,2.4,12.3,wiggian01
486,Lindell Wigginton,PG,25,MIL,3,0,2.7,0.7,1.7,.400,0.0,0.7,.000,0.7,1.0,.667,.400,0.7,0.7,1.000,0.0,0.0,0.0,0.0,0.0,0.0,0.3,0.3,2.0,wiggili01
487,Grant Williams,PF,25,DAL,24,24,29.5,3.3,7.8,.425,2.1,5.4,.395,1.2,2.4,.491,.562,0.9,1.3,.656,1.3,2.6,3.9,1.7,0.3,0.5,0.8,2.9,9.6,willigr01
488,Jalen Williams,PF,22,OKC,22,22,32.2,6.5,13.0,.495,1.0,2.8,.355,5.5,10.2,.533,.533,3.2,3.7,.877,0.4,3.6,4.0,3.7,0.9,0.4,1.7,2.8,17.1,willija06
489,Jaylin Williams,C,21,OKC,20,0,13.1,1.5,3.7,.392,0.9,2.3,.370,0.6,1.4,.429,.507,0.7,0.7,.929,0.6,2.9,3.5,1.4,0.4,0.1,0.5,1.8,4.4,willija07
490,Jeenathan Williams,SG,24,HOU,4,0,5.5,1.5,2.8,.545,0.0,0.5,.000,1.5,2.3,.667,.545,0.3,0.5,.500,0.0,0.0,0.0,0.5,0.3,0.0,0.0,0.5,3.3,willije02
491,Kenrich Williams,PF,29,OKC,15,0,14.6,1.9,3.9,.492,0.8,1.9,.429,1.1,2.1,.548,.593,0.2,0.7,.300,0.7,2.1,2.8,1.5,0.3,0.1,0.3,1.8,4.9,willike04
492,Mark Williams,C,22,CHO,19,19,26.7,5.2,7.9,.649,0.0,0.0,,5.2,7.9,.649,.649,2.4,3.4,.719,4.0,5.7,9.7,1.2,0.8,1.1,0.9,2.6,12.7,willima07
493,Patrick Williams,PF,22,CHI,29,19,27.2,3.6,8.0,.442,1.3,3.3,.411,2.2,4.8,.464,.526,1.2,1.7,.735,1.2,3.0,4.2,1.4,0.9,0.9,1.1,1.8,9.7,willipa01
494,Robert Williams,C,26,POR,6,0,19.8,2.8,4.3,.654,0.0,0.0,,2.8,4.3,.654,.654,1.2,1.5,.778,1.8,4.5,6.3,0.8,1.2,1.2,1.2,2.8,6.8,williro04
495,Vince Williams Jr.,SG,23,MEM,18,4,18.6,1.7,3.9,.437,1.2,3.1,.393,0.5,0.8,.600,.592,1.1,1.3,.826,0.8,3.6,4.3,1.3,0.3,0.6,0.7,2.2,5.7,willivi01
496,Ziaire Williams,SF,22,MEM,24,8,20.0,2.7,7.0,.389,1.1,3.5,.310,1.6,3.5,.470,.467,1.2,1.3,.906,0.6,3.4,4.0,1.4,0.4,0.2,1.3,1.8,7.7,willizi02
497,Zion Williamson,PF,23,NOP,23,23,30.5,8.7,15.1,.578,0.1,0.3,.286,8.7,14.8,.584,.580,4.5,6.9,.652,2.0,3.8,5.8,4.6,1.0,0.3,2.5,2.6,22.0,willizi01
498,Jalen Wilson,PF,23,BRK,7,0,7.4,0.9,1.3,.667,0.3,0.4,.667,0.6,0.9,.667,.778,0.6,0.6,1.000,0.4,0.7,1.1,0.6,0.1,0.1,0.3,0.4,2.6,wilsoja03
499,Dylan Windler,SF,27,NYK,3,0,2.3,0.3,0.7,.500,0.3,0.7,.500,0.0,0.0,,.750,0.0,0.0,,0.0,0.3,0.3,0.3,0.0,0.0,0.0,0.3,1.0,windldy01
500,James Wiseman,C,22,DET,17,0,14.2,3.1,4.4,.716,0.0,0.1,.000,3.1,4.3,.726,.716,0.9,1.4,.625,1.4,2.8,4.2,0.8,0.2,0.6,0.9,2.3,7.1,wisemja01
501,Christian Wood,PF,28,LAL,25,1,19.4,2.5,5.4,.463,0.7,2.4,.279,1.8,3.0,.613,.526,1.4,2.2,.618,1.0,4.8,5.7,0.9,0.2,0.6,1.2,1.6,7.1,woodch01
502,Delon Wright,PG,31,WAS,8,0,17.6,1.4,3.8,.367,0.5,1.4,.364,0.9,2.4,.368,.433,1.8,2.0,.875,0.4,2.1,2.5,4.4,1.6,0.1,0.5,0.8,5.0,wrighde01
503,Thaddeus Young,PF,35,TOR,4,0,3.3,0.5,1.0,.500,0.0,0.0,,0.5,1.0,.500,.500,0.0,0.5,.000,0.3,0.5,0.8,0.8,0.0,0.0,0.3,0.0,1.0,youngth01
504,Trae Young,PG,25,ATL,25,25,36.0,8.8,20.2,.434,3.5,9.0,.387,5.3,11.2,.471,.520,7.2,8.3,.870,0.6,2.4,3.0,11.1,1.3,0.2,4.2,1.8,28.2,youngtr01
505,Omer Yurtseven,C,25,UTA,18,6,12.6,1.9,3.8,.515,0.2,0.7,.231,1.8,3.1,.582,.537,0.3,0.4,.750,1.7,3.2,4.8,0.7,0.2,0.6,1.1,1.7,4.4,yurtsom01
506,Cody Zeller,C,31,NOP,22,0,10.0,0.6,1.8,.333,0.0,0.0,.000,0.6,1.7,.342,.333,0.7,1.2,.577,1.2,1.9,3.1,1.2,0.2,0.1,0.4,1.3,1.9,zelleco01
507,Ivica Zubac,C,26,LAC,27,27,26.8,5.2,8.3,.627,0.0,0.0,,5.2,8.3,.627,.627,1.7,2.8,.618,3.1,6.2,9.3,1.0,0.2,1.5,1.1,2.8,12.2,zubaciv01