Rk,Player,Pos,Age,Tm,G,GS,MP,FG,FGA,FG%,3P,3PA,3P%,2P,2PA,2P%,FT,FTA,FT%,ORB,DRB,TRB,AST,STL,BLK,TOV,PF,PTS,,ORtg,DRtg,Player-additional
1,Precious Achiuwa,C,24,TOR,21,0,387,9.1,19.0,.477,1.6,5.3,.310,7.4,13.7,.541,2.6,4.5,.583,5.8,10.0,15.8,5.3,1.6,1.1,3.4,4.7,22.4,,110,113,achiupr01
2,Bam Adebayo,C,26,MIA,18,18,603,12.2,23.8,.514,0.1,0.2,.333,12.1,23.5,.516,7.9,9.8,.808,2.9,11.1,14.1,5.7,1.7,1.4,3.6,3.8,32.4,,115,111,adebaba01
3,Ochai Agbaji,SG,23,UTA,28,10,590,5.9,13.1,.450,2.9,7.6,.380,3.0,5.6,.544,0.5,0.7,.750,2.1,3.9,6.0,2.5,1.6,1.2,1.6,3.4,15.2,,114,121,agbajoc01
4,Santi Aldama,PF,23,MEM,20,5,501,8.8,20.1,.438,3.3,9.7,.340,5.5,10.4,.528,2.1,3.4,.629,3.1,8.3,11.4,3.8,1.4,1.4,2.1,3.5,23.0,,108,112,aldamsa01
5,Nickeil Alexander-Walker,SG,25,MIN,26,11,609,5.4,12.9,.416,3.0,8.3,.365,2.3,4.6,.509,0.9,1.4,.647,1.0,3.2,4.2,5.2,1.7,1.4,2.2,3.9,14.6,,109,110,alexani01
6,Grayson Allen,SG,28,PHO,22,22,731,6.1,12.5,.486,3.2,7.2,.449,2.8,5.3,.538,2.8,3.1,.891,1.3,5.5,6.8,4.0,1.3,0.7,2.1,3.6,18.1,,125,118,allengr01
7,Jarrett Allen,C,25,CLE,23,23,669,9.1,13.7,.668,0.0,0.0,,9.1,13.7,.668,3.6,5.3,.681,4.8,9.1,14.0,3.9,1.3,1.6,3.1,4.8,21.9,,127,112,allenja01
8,Jose Alvarado,PG,25,NOP,14,0,236,6.9,16.9,.410,3.9,9.4,.413,3.1,7.5,.405,2.4,4.1,.600,1.4,5.9,7.3,5.9,3.3,1.0,2.8,4.1,20.1,,108,111,alvarjo01
9,Kyle Anderson,PF,30,MIN,26,0,598,5.5,12.1,.456,0.2,1.5,.105,5.4,10.6,.508,3.0,4.4,.685,1.5,5.9,7.3,8.5,1.7,1.7,3.2,3.2,14.2,,108,108,anderky01
10,Giannis Antetokounmpo,PF,29,MIL,26,26,903,15.5,25.3,.611,0.5,2.3,.222,15.0,23.0,.651,10.0,15.1,.662,3.6,11.4,15.0,7.3,2.0,1.6,5.2,3.8,41.5,,124,112,antetgi01
11,Thanasis Antetokounmpo,PF,31,MIL,12,0,55,3.4,7.7,.444,0.0,0.0,,3.4,7.7,.444,0.0,0.0,,2.6,2.6,5.1,4.3,1.7,0.9,4.3,6.0,6.8,,84,118,antetth01
12,Cole Anthony,PG,23,ORL,26,0,653,9.6,20.9,.459,2.7,7.1,.375,6.9,13.8,.503,6.9,8.2,.847,2.0,6.0,8.0,6.9,1.3,1.0,3.6,5.7,28.7,,117,112,anthoco01
13,OG Anunoby,SF,26,TOR,23,23,763,8.2,17.6,.469,3.5,9.3,.372,4.8,8.3,.577,1.7,2.5,.692,1.3,4.5,5.9,3.7,1.5,0.8,2.5,3.5,21.7,,110,117,anunoog01
14,Ryan Arcidiacono,PG,29,NYK,9,0,20,0.0,7.4,.000,0.0,7.4,.000,0.0,0.0,,0.0,0.0,,0.0,12.4,12.4,7.4,2.5,0.0,0.0,0.0,0.0,,62,111,arcidry01
15,Deni Avdija,SF,23,WAS,26,26,699,7.7,15.4,.498,1.6,4.6,.343,6.1,10.8,.564,2.9,3.6,.815,1.8,7.6,9.4,6.7,1.3,0.5,2.6,3.9,19.8,,116,122,avdijde01
16,Deandre Ayton,C,25,POR,22,22,696,8.9,16.1,.557,0.0,0.0,,8.9,16.1,.557,1.7,2.0,.828,5.0,11.6,16.6,2.4,1.8,1.1,3.1,3.8,19.6,,111,112,aytonde01
17,Udoka Azubuike,C,24,PHO,2,0,9,5.5,5.5,1.000,0.0,0.0,,5.5,5.5,1.000,0.0,0.0,,0.0,21.9,21.9,0.0,0.0,0.0,0.0,5.5,10.9,,200,110,azubuud01
18,Marvin Bagley III,C,24,DET,22,9,411,10.4,18.2,.573,0.1,0.6,.200,10.3,17.6,.586,5.1,6.1,.830,4.8,7.3,12.1,2.8,0.3,1.6,3.2,4.1,26.1,,118,121,baglema01
19,Amari Bailey,PG,19,CHO,2,0,11,8.8,26.5,.333,0.0,8.8,.000,8.8,17.7,.500,4.4,8.8,.500,8.8,0.0,8.8,0.0,0.0,0.0,4.4,0.0,22.1,,80,131,baileam01
20,Patrick Baldwin Jr.,SF,21,WAS,7,0,39,5.9,15.4,.385,3.5,5.9,.600,2.4,9.5,.250,4.7,4.7,1.000,2.4,9.5,11.8,3.5,0.0,1.2,1.2,4.7,20.1,,121,123,baldwpa01
21,LaMelo Ball,PG,22,CHO,15,15,501,12.8,28.9,.443,5.0,13.0,.388,7.8,15.9,.488,5.2,6.1,.857,2.2,5.7,7.9,11.9,2.0,0.4,5.7,5.0,35.9,,112,122,ballla01
22,Mo Bamba,C,25,PHI,15,0,91,10.6,19.6,.541,2.7,5.3,.500,8.0,14.3,.556,4.2,5.8,.727,9.0,9.5,18.6,2.1,0.5,5.3,3.7,6.9,28.1,,125,107,bambamo01
23,Paolo Banchero,PF,21,ORL,26,26,875,10.8,22.9,.471,1.8,4.9,.371,9.0,18.0,.498,6.1,9.0,.681,1.9,7.9,9.8,6.5,1.5,0.8,4.7,3.0,29.5,,106,111,banchpa01
24,Desmond Bane,SG,25,MEM,25,25,860,12.7,27.2,.465,4.7,12.4,.380,7.9,14.8,.536,4.3,5.1,.856,1.5,4.7,6.2,7.2,1.7,1.0,4.3,4.3,34.4,,111,114,banede01
25,Dalano Banton,PG,24,BOS,12,1,94,7.3,15.1,.483,0.5,4.2,.125,6.8,11.0,.619,2.6,3.1,.833,5.2,7.8,13.1,2.6,1.0,1.0,2.6,6.3,17.8,,113,112,bantoda01
26,Dominick Barlow,PF,20,SAS,8,0,45,3.1,9.4,.333,0.0,2.1,.000,3.1,7.3,.429,4.2,6.3,.667,0.0,8.3,8.3,0.0,1.0,0.0,0.0,4.2,10.4,,93,120,barlodo01
27,Harrison Barnes,PF,31,SAC,26,26,795,6.3,12.9,.486,2.8,6.9,.400,3.5,6.0,.586,2.8,3.4,.807,1.4,3.6,5.1,2.3,1.1,0.2,1.2,1.7,18.1,,124,120,barneha02
28,Scottie Barnes,SG,22,TOR,27,27,944,10.9,22.0,.493,2.7,7.2,.381,8.1,14.8,.547,4.3,5.8,.750,3.7,9.1,12.9,8.0,2.1,1.8,3.5,2.8,28.8,,119,111,barnesc01
29,RJ Barrett,SG,23,NYK,22,22,643,10.7,25.1,.426,2.8,8.3,.343,7.9,16.8,.468,7.1,8.2,.860,1.2,5.6,6.8,4.2,0.8,0.6,2.8,2.5,31.3,,113,118,barrerj01
30,Charles Bassey,C,23,SAS,19,0,205,6.6,9.1,.725,0.0,0.2,.000,6.6,8.9,.744,1.1,1.4,.833,5.3,12.1,17.4,4.8,1.8,3.9,3.4,7.1,14.4,,126,111,bassech01
31,Emoni Bates,SF,20,CLE,7,0,52,3.8,14.1,.267,2.8,11.3,.250,0.9,2.8,.333,0.9,1.9,.500,0.9,7.5,8.5,1.9,0.9,0.9,0.9,1.9,11.3,,86,115,batesem01
32,Keita Bates-Diop,SF,28,PHO,22,8,387,5.2,13.1,.398,1.3,5.1,.250,3.9,8.0,.492,2.9,4.1,.719,2.5,6.1,8.7,2.4,1.5,1.9,0.8,2.5,14.6,,113,115,bateske01
33,Nicolas Batum,PF,35,TOT,20,14,478,4.0,7.5,.541,2.6,5.7,.464,1.4,1.8,.778,0.7,1.1,.636,1.8,5.6,7.4,4.3,1.2,1.3,0.9,3.5,11.4,,147,113,batumni01
33,Nicolas Batum,PF,35,LAC,3,0,54,2.7,7.2,.375,1.8,6.3,.286,0.9,0.9,1.000,0.0,0.0,,0.0,6.3,6.3,4.5,2.7,3.6,0.9,4.5,7.2,,113,108,batumni01
33,Nicolas Batum,PF,35,PHI,17,14,424,4.2,7.5,.561,2.7,5.6,.490,1.5,1.9,.765,0.8,1.3,.636,2.0,5.5,7.5,4.3,1.0,1.0,0.9,3.4,12.0,,151,114,batumni01
34,Bradley Beal,SG,30,PHO,6,6,151,10.1,22.5,.449,2.9,6.9,.429,7.2,15.7,.458,5.5,7.8,.708,1.0,5.5,6.5,6.2,1.3,0.7,4.6,4.2,28.7,,105,118,bealbr01
35,Malik Beasley,SG,27,MIL,25,25,755,6.7,13.8,.482,4.5,10.0,.450,2.2,3.9,.565,0.5,0.7,.667,1.1,5.7,6.9,2.3,1.5,0.2,1.0,3.2,18.3,,127,118,beaslma01
36,MarJon Beauchamp,SF,23,MIL,23,1,375,5.5,11.4,.484,2.1,4.9,.436,3.4,6.5,.519,1.4,2.3,.611,1.8,5.4,7.2,2.3,0.9,0.5,2.1,4.5,14.6,,111,119,beaucma01
37,Jules Bernard,SG,24,WAS,2,0,10,4.6,23.1,.200,0.0,13.8,.000,4.6,9.2,.500,0.0,0.0,,4.6,0.0,4.6,4.6,0.0,0.0,4.6,4.6,9.2,,56,130,bernaju01
38,Dāvis Bertāns,PF,31,OKC,9,0,71,4.7,12.8,.368,4.7,12.1,.389,0.0,0.7,.000,9.4,10.1,.933,0.7,4.7,5.4,4.7,1.3,1.3,0.7,6.7,23.5,,147,114,bertada01
39,Patrick Beverley,PG,35,PHI,27,1,465,4.7,11.1,.421,1.8,5.7,.309,2.9,5.4,.538,1.8,2.7,.654,2.1,5.7,7.8,6.4,1.5,0.7,1.8,4.7,12.9,,118,113,beverpa01
40,Saddiq Bey,SF,24,ATL,27,15,855,7.0,15.1,.462,2.7,7.6,.350,4.3,7.5,.574,2.5,3.2,.789,3.3,6.0,9.4,1.9,1.6,0.2,1.7,2.3,19.1,,120,122,beysa01
41,Goga Bitadze,C,24,ORL,24,20,506,6.8,11.3,.597,0.1,0.5,.200,6.7,10.8,.614,3.2,4.6,.708,5.2,9.1,14.4,4.0,1.5,3.8,1.9,5.3,16.8,,131,106,bitadgo01
42,Onuralp Bitim,SG,24,CHI,1,0,3,0.0,0.0,,0.0,0.0,,0.0,0.0,,0.0,0.0,,0.0,0.0,0.0,0.0,0.0,0.0,0.0,0.0,0.0,,,126,bitimon01
43,Bismack Biyombo,C,31,MEM,19,18,493,5.0,8.5,.586,0.0,0.0,,5.0,8.5,.586,1.9,3.6,.514,4.2,8.6,12.9,3.6,0.7,2.3,2.6,5.7,11.9,,114,113,biyombi01
44,Anthony Black,PG,20,ORL,24,20,469,4.9,9.9,.500,1.1,3.6,.314,3.8,6.3,.607,1.6,2.9,.571,1.6,4.5,6.2,4.2,0.9,0.8,2.2,5.1,12.6,,111,114,blackan01
45,Leaky Black,SF,24,CHO,7,0,40,6.1,9.7,.625,1.2,2.4,.500,4.9,7.3,.667,0.0,0.0,,2.4,6.1,8.5,4.9,2.4,3.6,1.2,2.4,13.4,,139,117,blackle01
46,Bogdan Bogdanović,SG,31,ATL,25,2,701,10.7,22.9,.469,5.8,14.0,.413,4.9,8.8,.557,2.5,2.7,.925,0.7,5.1,5.7,4.5,2.4,0.5,2.0,4.5,29.8,,125,120,bogdabo01
47,Bojan Bogdanović,PF,34,DET,8,7,251,11.0,22.2,.496,4.8,11.2,.424,6.3,11.0,.569,5.3,7.0,.757,0.8,2.7,3.4,3.8,1.7,0.0,2.9,2.3,32.1,,118,123,bogdabo02
48,Bol Bol,PF,24,PHO,6,0,15,6.6,9.9,.667,0.0,3.3,.000,6.6,6.6,1.000,0.0,0.0,,0.0,9.9,9.9,0.0,0.0,3.3,6.6,3.3,13.1,,68,115,bolbo01
49,Marques Bolden,C,25,MIL,2,0,3,0.0,0.0,,0.0,0.0,,0.0,0.0,,0.0,0.0,,0.0,31.4,31.4,0.0,0.0,0.0,0.0,15.7,0.0,,,105,boldema01
50,Devin Booker,SG,27,PHO,18,18,643,12.9,27.2,.476,2.8,7.2,.383,10.2,20.0,.510,9.9,10.9,.908,1.2,6.5,7.7,11.3,0.9,0.6,4.2,4.8,38.5,,123,118,bookede01
51,Brandon Boston Jr.,SF,22,LAC,2,0,11,17.8,31.1,.571,4.4,13.3,.333,13.3,17.8,.750,0.0,0.0,,0.0,8.9,8.9,8.9,0.0,0.0,4.4,13.3,40.0,,117,116,bostobr01
52,Chris Boucher,PF,31,TOR,25,0,354,7.4,16.5,.450,2.2,6.5,.340,5.2,10.1,.521,5.0,6.5,.766,4.1,8.8,13.0,1.1,1.1,2.2,1.7,5.5,22.1,,118,113,bouchch01
53,James Bouknight,SG,23,CHO,3,0,18,16.2,29.7,.545,13.5,27.0,.500,2.7,2.7,1.000,0.0,0.0,,2.7,8.1,10.8,0.0,0.0,0.0,2.7,2.7,45.9,,125,126,bouknja01
54,Jamaree Bouyea,PG,24,POR,6,0,57,4.3,18.1,.238,0.0,6.9,.000,4.3,11.2,.385,0.0,0.0,,1.7,6.9,8.6,6.9,0.0,0.0,6.9,2.6,8.6,,55,120,bouyeja01
55,Malaki Branham,SG,20,SAS,26,14,578,7.8,17.5,.444,2.2,6.9,.318,5.6,10.6,.527,1.1,1.2,.933,0.5,3.2,3.7,5.1,0.9,0.3,2.5,2.8,18.9,,101,123,branhma01
56,Christian Braun,SG,22,DEN,29,0,587,8.1,16.9,.478,1.7,4.4,.385,6.4,12.5,.510,3.1,4.1,.755,1.9,7.4,9.3,4.4,1.0,0.8,1.9,4.2,21.0,,116,115,braunch01
57,Mikal Bridges,SF,27,BRK,27,27,938,10.8,23.7,.457,3.1,8.3,.377,7.7,15.4,.500,5.7,6.7,.852,1.5,6.2,7.6,5.2,1.4,0.6,3.4,2.3,30.4,,114,118,bridgmi01
58,Miles Bridges,SF,25,CHO,15,13,544,9.9,21.1,.470,2.4,7.2,.333,7.5,13.8,.542,4.0,4.7,.849,1.2,8.1,9.4,3.3,1.9,0.3,2.2,2.9,26.2,,112,121,bridgmi02
59,Oshae Brissett,SF,25,BOS,13,0,130,4.2,9.4,.440,1.1,4.2,.273,3.0,5.3,.571,3.4,5.3,.643,4.2,6.8,10.9,2.3,1.9,0.0,1.5,4.9,12.8,,121,112,brissos01
60,Malcolm Brogdon,PG,31,POR,19,10,519,10.0,23.8,.421,3.8,9.7,.388,6.2,14.1,.443,4.1,5.3,.768,1.4,4.9,6.3,9.7,1.3,0.3,2.7,2.3,27.9,,116,118,brogdma01
61,Armoni Brooks,PG,25,BRK,7,0,64,6.9,20.6,.333,5.3,14.5,.368,1.5,6.1,.250,0.0,0.0,,3.1,6.1,9.2,2.3,0.0,0.8,0.8,0.8,19.1,,106,121,brookar01
62,Dillon Brooks,SF,28,HOU,25,25,795,8.1,16.8,.483,3.1,7.4,.417,5.0,9.4,.536,2.7,3.3,.830,1.2,4.3,5.5,2.5,1.5,0.1,2.9,6.2,22.1,,109,113,brookdi01
63,Bruce Brown,SG,27,IND,26,26,800,6.7,14.5,.460,1.6,5.2,.300,5.1,9.3,.549,2.9,3.6,.806,1.1,5.8,6.9,4.4,1.7,0.3,1.8,3.7,17.8,,114,122,brownbr01
64,Charlie Brown Jr.,SG,26,NYK,1,0,2,0.0,24.8,.000,0.0,24.8,.000,0.0,0.0,,0.0,0.0,,0.0,0.0,0.0,0.0,0.0,0.0,49.5,0.0,0.0,,0,124,brownch02
65,Greg Brown III,PF,22,DAL,3,0,11,8.7,8.7,1.000,0.0,0.0,,8.7,8.7,1.000,4.4,21.8,.200,4.4,4.4,8.7,4.4,0.0,0.0,4.4,4.4,21.8,,101,123,browngr01
66,Jaylen Brown,SF,27,BOS,26,26,884,12.8,26.8,.478,3.1,9.3,.333,9.7,17.5,.556,4.1,5.4,.745,1.1,5.9,7.0,5.4,1.6,1.0,3.4,4.1,32.8,,111,112,brownja02
67,Kobe Brown,PF,24,LAC,17,0,164,4.5,11.9,.375,2.4,7.8,.308,2.1,4.2,.500,0.3,0.6,.500,1.8,6.9,8.7,2.4,0.6,0.9,0.9,8.9,11.6,,106,115,brownko01
68,Moses Brown,C,24,POR,5,0,35,8.4,16.8,.500,0.0,0.0,,8.4,16.8,.500,0.0,2.8,.000,11.2,14.0,25.2,1.4,1.4,1.4,1.4,2.8,16.8,,113,110,brownmo01
69,Troy Brown Jr.,SF,24,MIN,22,3,334,6.3,13.6,.462,3.6,9.3,.391,2.6,4.2,.621,2.5,2.9,.850,1.9,6.6,8.5,3.6,0.9,0.3,2.0,2.5,18.7,,122,111,browntr01
70,Jalen Brunson,PG,27,NYK,27,27,958,12.4,26.3,.472,4.2,9.1,.458,8.2,17.1,.480,6.3,7.8,.801,1.0,4.5,5.6,8.2,1.6,0.1,3.2,2.9,35.3,,123,117,brunsja01
71,Thomas Bryant,C,26,MIA,18,3,223,8.9,15.9,.556,0.0,0.7,.000,8.9,15.3,.580,3.8,4.4,.850,4.9,10.4,15.3,2.4,1.3,1.1,3.3,5.1,21.5,,114,113,bryanth01
72,Kobe Bufkin,SG,20,ATL,2,0,4,0.0,35.5,.000,0.0,11.8,.000,0.0,23.7,.000,11.8,23.7,.500,11.8,11.8,23.7,0.0,0.0,0.0,0.0,0.0,11.8,,52,122,bufkiko01
73,Reggie Bullock,SF,32,HOU,11,0,93,3.7,10.6,.350,3.2,9.0,.353,0.5,1.6,.333,0.5,0.5,1.000,1.1,5.8,6.9,1.6,0.5,0.5,1.1,3.7,11.1,,104,113,bullore01
74,Alec Burks,SG,32,DET,20,0,359,6.9,20.9,.331,4.3,12.4,.344,2.7,8.5,.313,6.5,7.4,.875,1.3,4.5,5.8,3.9,1.1,0.5,1.1,3.7,24.6,,113,122,burksal01
75,Jared Butler,SG,23,WAS,13,0,103,8.5,17.0,.500,2.7,8.1,.333,5.8,9.0,.650,4.9,5.8,.846,0.0,4.0,4.0,9.9,3.1,0.4,4.5,6.3,24.6,,115,120,butleja02
76,Jimmy Butler,PF,34,MIA,23,23,783,9.7,21.0,.462,1.3,3.3,.377,8.5,17.7,.479,10.5,12.0,.879,2.8,4.7,7.5,6.7,1.6,0.6,2.6,1.6,31.2,,125,116,butleji01
77,Jamal Cain,PF,24,MIA,8,0,113,5.7,12.7,.448,1.7,6.6,.267,3.9,6.1,.643,3.1,4.8,.636,2.2,3.1,5.2,0.4,2.6,0.9,0.9,2.6,16.2,,112,114,cainja01
78,Kentavious Caldwell-Pope,SG,30,DEN,27,27,880,5.6,12.0,.465,2.2,5.3,.415,3.4,6.7,.504,2.6,2.9,.902,0.6,2.4,3.0,3.8,2.1,0.7,1.7,3.0,15.9,,119,116,caldwke01
79,Toumani Camara,PF,23,POR,26,17,658,5.2,12.7,.412,1.8,5.9,.304,3.4,6.8,.505,1.9,2.8,.676,3.9,5.4,9.2,2.0,1.9,1.0,2.1,5.6,14.1,,106,115,camarto01
80,Clint Capela,C,29,ATL,26,26,670,9.2,15.7,.583,0.0,0.0,,9.2,15.7,.583,3.3,4.8,.691,9.1,10.5,19.6,2.1,1.3,3.2,1.5,4.9,21.7,,136,116,capelca01
81,Jevon Carter,PG,28,CHI,29,0,414,7.3,19.3,.377,4.4,12.5,.350,2.9,6.8,.429,0.0,0.1,.000,0.5,1.9,2.4,4.2,1.8,0.8,2.1,4.2,18.9,,99,119,carteje01
82,Wendell Carter Jr.,C,24,ORL,6,6,170,5.7,13.9,.408,1.7,5.1,.333,4.0,8.8,.452,2.5,4.5,.563,3.4,10.5,13.9,2.5,0.8,0.6,2.3,4.8,15.6,,102,111,cartewe01
83,Alex Caruso,SG,29,CHI,23,11,533,7.4,13.5,.549,3.5,7.4,.468,4.0,6.1,.646,2.4,3.2,.765,2.5,4.8,7.3,5.0,2.5,1.8,3.1,4.9,20.8,,126,115,carusal01
84,Colin Castleton,C,23,LAL,4,0,28,8.5,13.6,.625,0.0,0.0,,8.5,13.6,.625,3.4,3.4,1.000,5.1,6.8,11.9,5.1,0.0,0.0,0.0,8.5,20.5,,155,117,castlco01
85,Malcolm Cazalon,SG,22,DET,1,0,3,0.0,0.0,,0.0,0.0,,0.0,0.0,,0.0,0.0,,0.0,0.0,0.0,0.0,0.0,0.0,0.0,0.0,0.0,,,128,cazalma01
86,Julian Champagnie,SF,22,SAS,19,5,244,6.3,16.5,.384,4.8,12.3,.391,1.5,4.2,.364,1.5,2.1,.727,1.2,4.2,5.4,2.9,1.3,2.3,2.5,3.1,19.0,,100,119,champju02
87,Max Christie,SG,20,LAL,22,6,362,4.7,12.3,.387,1.7,5.7,.302,3.0,6.6,.460,1.3,1.8,.714,0.4,6.7,7.1,2.9,1.1,0.5,2.0,4.0,12.5,,92,115,chrisma02
88,Sidy Cissoko,SF,19,SAS,1,0,4,0.0,0.0,,0.0,0.0,,0.0,0.0,,0.0,0.0,,0.0,0.0,0.0,0.0,0.0,0.0,11.7,0.0,0.0,,0,127,cissosi01
89,Jordan Clarkson,SG,31,UTA,19,19,586,9.5,23.8,.399,2.6,8.7,.295,6.9,15.1,.459,4.5,5.5,.833,2.0,3.3,5.3,7.8,1.3,0.2,4.7,2.2,26.1,,102,123,clarkjo01
90,Nic Claxton,C,24,BRK,18,18,487,9.3,14.4,.646,0.1,0.1,1.000,9.2,14.3,.643,2.5,3.9,.641,5.7,10.8,16.5,2.5,0.7,4.5,1.6,4.9,21.2,,135,112,claxtni01
91,Noah Clowney,PF,19,BRK,1,0,3,0.0,0.0,,0.0,0.0,,0.0,0.0,,0.0,0.0,,0.0,16.3,16.3,0.0,0.0,0.0,0.0,0.0,0.0,,,115,clownno01
92,Amir Coffey,SF,26,LAC,15,2,171,4.3,10.9,.395,2.0,6.6,.304,2.3,4.3,.533,2.9,3.1,.909,1.1,4.9,6.0,2.6,0.6,0.0,1.7,4.9,13.4,,111,118,coffeam01
93,John Collins,PF,26,UTA,24,22,726,8.7,17.9,.485,2.4,5.9,.404,6.3,11.9,.525,3.3,4.3,.766,4.0,9.1,13.1,1.3,1.0,1.5,2.5,4.3,23.0,,115,118,collijo01
94,Zach Collins,C,26,SAS,26,21,701,8.5,17.7,.481,2.0,6.6,.306,6.5,11.1,.584,3.7,4.5,.809,3.5,7.0,10.5,5.9,1.1,1.1,4.3,5.8,22.7,,107,119,colliza01
95,Mike Conley,PG,36,MIN,26,26,765,6.2,13.6,.458,3.7,8.5,.436,2.5,5.2,.494,2.5,2.6,.951,0.6,4.0,4.6,10.1,1.5,0.1,1.9,2.8,18.6,,134,111,conlemi01
96,Pat Connaughton,SF,31,MIL,21,0,464,4.4,10.6,.413,2.3,7.0,.333,2.0,3.6,.571,0.9,1.3,.692,1.4,5.9,7.3,4.5,1.1,0.4,1.5,2.2,12.0,,115,118,connapa01
97,Bilal Coulibaly,SF,19,WAS,25,1,673,6.0,11.4,.521,2.2,5.3,.416,3.8,6.2,.611,2.1,3.2,.638,1.2,5.8,7.0,2.9,1.8,1.2,2.7,3.2,16.2,,109,121,coulibi01
98,Robert Covington,SF-PF,33,TOT,25,6,432,4.4,10.0,.438,2.1,5.8,.365,2.2,4.1,.541,2.4,2.7,.875,3.2,6.6,9.9,2.2,3.7,1.9,1.1,5.2,13.2,,129,106,covinro01
98,Robert Covington,PF,33,LAC,3,3,69,2.1,6.4,.333,1.4,5.7,.250,0.7,0.7,1.000,0.7,1.4,.500,1.4,4.3,5.7,5.0,4.3,1.4,0.0,5.0,6.4,,131,108,covinro01
98,Robert Covington,SF,33,PHI,22,3,363,4.8,10.6,.450,2.3,5.9,.386,2.5,4.8,.528,2.7,2.9,.909,3.6,7.0,10.6,1.7,3.6,2.0,1.3,5.2,14.5,,128,106,covinro01
99,Torrey Craig,SF,33,CHI,27,7,572,5.2,12.2,.424,2.5,6.7,.382,2.6,5.5,.476,1.6,2.0,.783,4.4,7.0,11.4,2.5,1.5,0.9,1.4,6.0,14.5,,120,117,craigto01
100,Jae Crowder,PF,33,MIL,9,2,240,4.9,9.2,.532,3.1,6.1,.516,1.8,3.1,.563,1.4,2.4,.583,0.8,6.1,6.9,2.9,1.4,0.6,0.8,2.7,14.3,,139,117,crowdja01
101,Cade Cunningham,PG,22,DET,27,27,935,11.4,26.2,.434,2.6,7.9,.325,8.8,18.4,.481,5.3,6.0,.881,0.7,4.7,5.4,9.7,1.4,0.4,5.5,3.7,30.6,,103,122,cunnica01
102,Seth Curry,SG,33,DAL,21,3,251,6.3,15.9,.398,3.6,9.0,.404,2.7,6.9,.389,1.7,1.9,.900,1.9,4.0,5.9,3.6,2.1,0.6,1.1,3.6,18.0,,116,118,curryse01
103,Stephen Curry,PG,35,GSW,25,25,847,12.5,27.0,.464,6.9,16.6,.416,5.6,10.3,.541,8.4,9.0,.936,0.8,5.9,6.7,6.3,1.0,0.5,4.8,2.6,40.3,,122,117,curryst01
104,Dyson Daniels,PG,20,NOP,28,13,666,4.9,12.3,.398,1.4,5.4,.253,3.5,6.9,.510,1.4,2.2,.667,2.1,6.6,8.6,5.9,2.9,0.7,2.2,3.6,12.6,,105,111,daniedy01
105,Anthony Davis,C,30,LAL,26,26,919,12.3,22.4,.546,0.4,1.1,.333,11.9,21.4,.557,7.6,9.4,.811,4.7,12.4,17.0,4.0,1.6,3.4,2.6,3.5,32.5,,123,106,davisan02
106,Johnny Davis,SG,21,WAS,14,0,128,6.8,14.4,.475,0.4,1.1,.333,6.5,13.3,.486,1.4,1.8,.800,2.9,4.0,6.8,1.8,2.5,0.4,1.8,3.6,15.5,,102,122,davisjo06
107,Dexter Dennis,SG,24,DAL,2,0,7,13.7,41.1,.333,0.0,20.6,.000,13.7,20.6,.667,0.0,6.9,.000,6.9,6.9,13.7,0.0,0.0,0.0,0.0,0.0,27.4,,74,122,dennide01
108,DeMar DeRozan,SF,34,CHI,27,27,982,10.7,23.6,.451,1.3,3.6,.357,9.4,20.1,.468,8.2,10.0,.826,1.1,4.0,5.1,7.4,1.5,1.2,2.0,3.1,30.8,,119,118,derozde01
109,Moussa Diabaté,C,22,LAC,9,0,55,8.0,16.0,.500,0.0,0.0,,8.0,16.0,.500,8.0,10.7,.750,12.5,4.4,16.9,3.6,3.6,0.0,1.8,3.6,24.0,,137,111,diabamo01
110,Gradey Dick,SG,20,TOR,17,1,227,4.1,14.4,.284,2.4,9.5,.250,1.7,4.9,.348,3.0,3.0,1.000,1.5,3.2,4.7,3.2,0.9,0.0,2.6,5.2,13.5,,91,120,dickgr01
111,Ousmane Dieng,PF,20,OKC,16,0,183,6.0,14.1,.426,3.1,9.6,.324,2.9,4.4,.647,2.1,2.6,.800,1.8,5.5,7.3,4.2,0.3,0.0,1.6,2.6,17.2,,117,117,diengou01
112,Spencer Dinwiddie,PG,30,BRK,26,26,827,7.4,18.4,.404,3.2,10.1,.322,4.2,8.3,.504,4.5,5.8,.786,0.8,5.4,6.3,10.4,1.4,0.4,2.7,2.5,22.7,,119,119,dinwisp01
113,Donte DiVincenzo,SG,27,NYK,27,9,556,8.0,17.6,.455,5.7,12.7,.448,2.3,4.9,.473,1.9,2.6,.724,1.8,5.4,7.2,4.3,2.4,0.7,2.3,4.0,23.6,,124,114,divindo01
114,Luka Dončić,PG,24,DAL,26,26,962,14.6,30.0,.485,5.0,13.3,.376,9.6,16.8,.571,8.3,10.7,.776,1.0,9.9,10.9,11.8,1.6,0.6,5.2,2.3,42.4,,121,115,doncilu01
115,Luguentz Dort,SF,24,OKC,24,24,671,5.9,13.2,.446,2.9,7.2,.406,3.0,6.0,.494,3.6,4.3,.820,2.2,4.6,6.8,2.1,1.5,1.4,1.6,5.1,18.3,,120,114,dortlu01
116,Ayo Dosunmu,SG,24,CHI,27,5,564,6.6,13.6,.484,2.4,6.4,.375,4.2,7.2,.580,1.7,2.3,.731,1.4,3.6,5.1,4.4,1.9,0.6,2.1,4.2,17.2,,116,118,dosunay01
117,Andre Drummond,C,30,CHI,29,0,385,9.1,17.7,.515,0.0,0.1,.000,9.1,17.6,.519,5.2,8.6,.606,10.6,15.1,25.7,2.1,3.6,1.3,3.8,6.1,23.4,,114,106,drumman01
118,Chris Duarte,SF,26,SAC,23,5,285,4.9,13.4,.363,2.4,7.9,.298,2.5,5.5,.455,2.4,3.0,.778,0.7,5.7,6.4,3.0,2.0,0.3,2.0,8.1,14.5,,98,117,duartch01
119,Kris Dunn,PG,29,UTA,20,2,279,7.1,14.4,.494,1.7,4.2,.417,5.4,10.2,.525,1.0,1.7,.600,1.9,6.1,8.0,9.5,1.7,0.3,4.5,5.6,17.0,,108,120,dunnkr01
120,Kevin Durant,PF,35,PHO,23,23,844,14.5,28.0,.518,2.9,6.2,.467,11.6,21.7,.532,9.7,11.2,.870,0.5,7.7,8.2,7.5,1.1,1.5,4.6,2.5,41.6,,121,116,duranke01
121,Jalen Duren,C,20,DET,14,13,404,9.4,15.0,.630,0.0,0.2,.000,9.4,14.8,.640,1.9,3.3,.571,5.5,12.5,18.1,4.1,0.9,2.2,4.5,5.7,20.8,,111,116,durenja01
122,Tari Eason,PF,22,HOU,17,0,357,8.6,18.1,.473,2.1,5.0,.417,6.5,13.1,.495,2.6,4.0,.655,4.7,12.3,17.0,2.9,2.2,2.3,2.3,4.8,21.8,,112,103,easonta01
123,Anthony Edwards,SG,22,MIN,23,23,782,12.5,27.6,.451,3.5,9.2,.381,9.0,18.4,.486,7.0,8.2,.855,1.0,6.8,7.8,7.3,1.9,0.7,4.3,2.7,35.4,,111,108,edwaran01
124,Kessler Edwards,SF,23,SAC,21,0,115,5.4,12.9,.419,2.9,7.9,.368,2.5,5.0,.500,0.4,0.8,.500,1.2,6.2,7.5,2.5,0.8,0.8,0.4,3.7,14.2,,116,119,edwarke02
125,Keon Ellis,SG,24,SAC,19,3,262,5.3,11.9,.446,3.8,10.2,.375,1.5,1.6,.889,1.8,2.7,.667,1.1,4.2,5.3,5.3,2.2,1.6,2.4,5.1,16.3,,118,115,elliske01
126,Joel Embiid,C,29,PHI,24,24,819,16.7,30.8,.541,1.5,4.6,.333,15.1,26.2,.578,14.8,16.6,.893,4.1,12.6,16.7,8.3,1.6,2.7,5.3,4.1,49.7,,129,107,embiijo01
127,Drew Eubanks,C,26,PHO,26,0,444,7.5,12.4,.607,0.2,0.2,1.000,7.3,12.2,.600,3.4,4.1,.838,4.1,8.5,12.7,3.4,0.9,3.2,3.4,5.3,18.8,,120,114,eubandr01
128,Dante Exum,PG,28,DAL,24,8,418,9.3,16.3,.570,2.3,5.4,.426,7.0,10.9,.642,2.8,3.9,.706,1.6,6.3,7.9,6.5,1.5,0.5,1.7,4.0,23.6,,134,118,exumda01
129,Bruno Fernando,C,25,ATL,7,0,33,11.5,22.9,.500,0.0,1.4,.000,11.5,21.5,.533,5.7,8.6,.667,7.2,10.0,17.2,1.4,0.0,1.4,5.7,7.2,28.7,,102,121,fernabr01
130,Dorian Finney-Smith,PF,30,BRK,25,17,733,6.4,13.8,.464,4.0,9.2,.435,2.4,4.6,.522,0.4,0.5,.750,3.3,5.0,8.3,2.1,1.1,1.0,1.5,3.7,17.2,,124,119,finnedo01
131,Malachi Flynn,PG,25,TOR,27,0,440,5.8,14.1,.409,2.8,8.0,.347,3.0,6.1,.491,1.9,2.4,.773,1.1,5.3,6.4,7.2,1.8,0.6,3.1,4.3,16.2,,107,116,flynnma01
132,Simone Fontecchio,SF,28,UTA,26,13,540,6.9,15.8,.438,4.1,10.7,.387,2.8,5.1,.544,1.9,2.2,.840,2.0,4.8,6.7,2.9,1.1,1.1,2.3,3.7,19.8,,115,121,fontesi01
133,Jordan Ford,PG,25,SAC,6,0,22,8.7,15.2,.571,4.4,6.5,.667,4.4,8.7,.500,4.4,4.4,1.000,0.0,4.4,4.4,4.4,0.0,0.0,2.2,0.0,26.1,,138,123,fordjo01
134,Trent Forrest,SG,25,ATL,7,0,61,2.3,11.6,.200,0.0,0.8,.000,2.3,10.9,.214,3.1,3.1,1.000,3.1,3.1,6.2,9.3,1.6,0.0,2.3,3.9,7.8,,96,124,forretr01
135,Evan Fournier,SG,31,NYK,1,0,16,3.1,18.6,.167,0.0,12.4,.000,3.1,6.2,.500,0.0,0.0,,0.0,3.1,3.1,3.1,3.1,0.0,0.0,6.2,6.2,,52,115,fournev01
136,De'Aaron Fox,PG,26,SAC,20,20,699,14.3,29.8,.480,4.5,11.3,.400,9.8,18.5,.530,8.0,11.0,.731,1.2,4.7,6.0,8.5,2.1,0.4,3.4,3.8,41.2,,119,117,foxde01
137,Alex Fudge,SF,20,LAL,4,0,14,3.4,20.5,.167,0.0,6.8,.000,3.4,13.6,.250,6.8,6.8,1.000,6.8,0.0,6.8,0.0,0.0,0.0,3.4,3.4,13.6,,72,122,fudgeal01
138,Markelle Fultz,PG,25,ORL,5,5,143,9.1,18.8,.482,0.0,1.0,.000,9.1,17.8,.509,1.0,1.3,.750,2.7,3.0,5.7,6.7,2.0,0.7,2.0,2.0,19.2,,109,112,fultzma01
139,Daniel Gafford,C,25,WAS,23,23,583,8.0,11.5,.692,0.0,0.0,,8.0,11.5,.692,3.3,4.7,.700,5.1,8.8,13.9,3.2,1.0,3.9,2.0,6.3,19.3,,138,118,gaffoda01
140,Danilo Gallinari,PF,35,WAS,23,0,351,7.1,15.9,.446,2.4,7.6,.310,4.7,8.3,.571,5.5,6.4,.857,1.4,7.8,9.2,3.9,0.8,0.4,1.4,3.2,22.1,,120,123,gallida01
141,Darius Garland,PG,24,CLE,20,20,680,10.9,23.1,.470,2.6,7.5,.346,8.3,15.6,.530,5.5,6.5,.835,0.9,3.1,4.0,8.5,2.3,0.3,5.5,2.2,29.8,,108,115,garlada01
142,Luka Garza,C,25,MIN,6,0,18,10.8,32.5,.333,0.0,8.1,.000,10.8,24.3,.444,13.5,21.6,.625,8.1,10.8,18.9,5.4,0.0,0.0,2.7,16.2,35.2,,100,110,garzalu01
143,Kaiser Gates,SF,27,NOP,1,0,7,0.0,27.4,.000,0.0,13.7,.000,0.0,13.7,.000,0.0,0.0,,0.0,6.9,6.9,0.0,0.0,0.0,0.0,0.0,0.0,,0,119,gateska01
144,Keyonte George,PG,20,UTA,24,16,618,6.5,18.0,.361,3.1,9.6,.320,3.4,8.5,.407,4.5,5.7,.781,0.9,4.7,5.6,9.4,0.9,0.2,4.3,2.0,20.5,,104,123,georgke01
145,Paul George,PF,33,LAC,25,25,871,11.2,24.8,.451,4.5,11.5,.392,6.7,13.3,.502,5.3,5.7,.931,0.9,7.1,8.0,5.8,2.4,0.4,3.1,4.0,32.1,,117,112,georgpa01
146,Taj Gibson,PF,38,NYK,4,0,27,3.7,9.2,.400,0.0,3.7,.000,3.7,5.5,.667,0.0,0.0,,3.7,7.3,11.0,0.0,1.8,3.7,1.8,9.2,7.3,,87,110,gibsota01
147,Josh Giddey,SG,21,OKC,25,25,641,9.3,21.7,.430,1.5,4.8,.313,7.8,16.9,.463,1.9,2.3,.806,3.1,8.4,11.5,8.1,1.6,0.8,4.5,2.5,22.0,,100,111,giddejo01
148,Harry Giles,C,25,BRK,7,0,42,16.3,27.9,.583,1.2,5.8,.200,15.1,22.1,.684,5.8,8.1,.714,5.8,5.8,11.6,1.2,1.2,2.3,2.3,5.8,39.5,,123,117,gilesha01
149,Shai Gilgeous-Alexander,PG,25,OKC,24,24,832,15.3,28.3,.538,1.4,4.4,.325,13.8,23.9,.578,10.3,11.3,.914,1.2,6.6,7.8,8.8,3.8,1.0,2.8,3.4,42.3,,129,107,gilgesh01
150,Anthony Gill,PF,31,WAS,17,0,115,6.0,13.2,.455,0.0,2.8,.000,6.0,10.4,.577,4.4,5.6,.786,3.6,6.8,10.4,4.0,1.2,1.6,4.0,4.4,16.4,,100,121,gillan01
151,Collin Gillespie,PG,24,DEN,11,0,86,4.6,11.5,.400,1.7,6.9,.250,2.9,4.6,.625,0.6,0.6,1.000,0.6,1.7,2.3,4.6,2.9,0.0,2.3,5.7,11.5,,98,115,gilleco01
152,Jacob Gilyard,PG,25,MEM,19,8,299,3.9,9.4,.414,3.4,7.9,.429,0.5,1.5,.333,0.2,0.2,1.000,1.0,2.3,3.2,9.4,1.8,0.2,2.1,3.1,11.3,,125,117,gilyaja01
153,Rudy Gobert,C,31,MIN,26,26,828,7.2,11.8,.610,0.0,0.0,,7.2,11.8,.610,4.6,7.4,.619,5.5,12.9,18.4,1.9,1.2,3.5,2.4,4.4,18.9,,125,102,goberru01
154,Jordan Goodwin,PG,25,PHO,27,0,495,6.3,16.4,.382,2.3,7.5,.307,4.0,9.0,.444,2.0,2.3,.870,3.2,7.6,10.7,7.2,1.8,0.8,2.5,3.8,16.8,,110,115,goodwjo01
155,Aaron Gordon,PF,28,DEN,25,25,800,8.5,16.6,.515,0.7,3.0,.250,7.8,13.6,.573,2.7,4.7,.579,4.4,6.4,10.8,5.6,1.5,1.0,2.2,2.6,20.5,,118,114,gordoaa01
156,Eric Gordon,SG,35,PHO,23,16,732,8.1,17.6,.458,4.0,10.3,.392,4.0,7.3,.550,1.1,1.4,.810,0.5,2.6,3.2,4.4,1.7,0.8,2.3,2.2,21.3,,113,119,gordoer01
157,Devonte' Graham,PG,28,SAS,5,0,52,3.6,10.8,.333,1.8,7.2,.250,1.8,3.6,.500,4.5,6.3,.714,0.9,1.8,2.7,14.4,1.8,0.9,1.8,2.7,13.5,,125,121,grahade01
158,Jerami Grant,PF,29,POR,22,22,779,10.7,23.4,.457,3.5,8.6,.412,7.2,14.8,.483,6.5,7.7,.837,0.9,4.5,5.4,3.3,1.1,1.2,3.3,3.1,31.4,,113,118,grantje01
159,A.J. Green,SG,24,MIL,19,0,147,6.7,15.4,.438,5.8,13.5,.429,1.0,1.9,.500,0.3,0.3,1.000,1.0,3.8,4.8,4.2,0.0,0.0,0.0,4.8,19.5,,139,123,greenaj01
160,Danny Green,SG,36,PHI,2,0,18,0.0,5.4,.000,0.0,2.7,.000,0.0,2.7,.000,0.0,0.0,,0.0,5.4,5.4,2.7,2.7,0.0,0.0,2.7,0.0,,35,112,greenda02
161,Draymond Green,PF,33,GSW,15,15,377,6.5,13.3,.490,2.3,5.4,.429,4.2,8.0,.532,3.2,3.8,.833,2.8,7.8,10.7,11.2,0.8,1.4,4.6,5.8,18.6,,121,116,greendr01
162,Jalen Green,SG,21,HOU,25,25,775,9.2,23.0,.401,3.1,9.5,.329,6.1,13.5,.451,6.2,7.6,.815,0.6,6.5,7.1,5.0,0.8,0.7,3.5,2.4,27.7,,103,112,greenja05
163,Jeff Green,PF,37,HOU,24,0,377,6.9,12.2,.570,1.2,3.5,.333,5.7,8.6,.667,7.4,8.9,.838,2.5,4.4,6.9,2.2,0.5,1.3,2.4,4.6,22.5,,131,113,greenje02
164,Josh Green,SG,23,DAL,18,5,454,4.9,11.5,.422,2.4,6.7,.365,2.4,4.9,.500,1.0,1.8,.529,1.1,4.4,5.5,4.5,1.8,0.3,1.8,3.3,13.1,,110,118,greenjo02
165,AJ Griffin,SF,20,ATL,12,0,110,4.3,14.6,.294,3.4,10.8,.320,0.9,3.9,.222,0.9,0.9,1.000,0.9,4.3,5.2,1.7,0.4,0.0,1.7,2.6,12.9,,91,126,griffaj01
166,Quentin Grimes,SG,23,NYK,25,18,541,5.4,14.2,.381,4.0,11.0,.367,1.4,3.2,.429,0.2,0.5,.400,0.5,2.5,3.0,2.6,1.6,0.1,1.1,3.8,15.0,,110,118,grimequ01
167,Mouhamed Gueye,PF,21,ATL,2,0,4,0.0,11.8,.000,0.0,11.8,.000,0.0,0.0,,0.0,0.0,,0.0,0.0,0.0,0.0,11.8,0.0,0.0,11.8,0.0,,0,102,gueyemo02
168,Rui Hachimura,PF,25,LAL,19,2,442,8.9,18.4,.482,2.3,5.9,.382,6.6,12.4,.530,3.0,3.9,.778,1.8,5.8,7.7,2.5,1.5,0.5,1.7,3.1,23.0,,112,114,hachiru01
169,Tyrese Haliburton,PG,23,IND,23,23,769,11.9,23.6,.504,4.9,11.5,.424,7.0,12.1,.579,5.4,6.2,.874,1.0,4.6,5.5,16.5,1.2,0.9,3.7,1.5,34.0,,134,124,halibty01
170,R.J. Hampton,PG,22,MIA,2,0,11,4.5,9.0,.500,4.5,4.5,1.000,0.0,4.5,.000,0.0,0.0,,0.0,9.0,9.0,0.0,0.0,0.0,4.5,4.5,13.5,,83,118,hamptrj01
171,Tim Hardaway Jr.,SF,31,DAL,24,0,690,9.9,24.1,.409,5.6,15.6,.362,4.2,8.6,.496,3.7,4.2,.883,0.6,5.1,5.8,2.6,0.6,0.0,1.5,1.9,29.1,,113,121,hardati02
172,James Harden,SG,34,LAC,22,22,741,7.3,15.3,.474,3.8,8.8,.429,3.5,6.5,.535,6.6,7.6,.870,0.5,6.3,6.7,11.2,2.0,1.3,3.4,3.1,24.9,,132,112,hardeja01
173,Jaden Hardy,SG,21,DAL,23,0,303,9.2,23.4,.392,4.1,10.9,.377,5.1,12.5,.405,3.0,4.6,.655,1.3,4.9,6.2,5.4,1.1,0.0,2.7,4.1,25.5,,103,120,hardyja02
174,Ron Harper Jr.,PF,23,TOR,1,0,4,0.0,0.0,,0.0,0.0,,0.0,0.0,,0.0,0.0,,0.0,0.0,0.0,12.2,0.0,0.0,0.0,24.4,0.0,,226,123,harpero02
175,Gary Harris,SG,29,ORL,21,3,454,5.1,12.1,.421,2.9,8.7,.329,2.2,3.4,.656,2.0,2.5,.792,1.3,2.8,4.0,3.8,2.0,0.5,1.0,3.6,15.1,,123,113,harriga01
176,Joe Harris,SG,32,DET,11,0,132,3.6,11.2,.323,2.5,8.7,.292,1.1,2.5,.429,0.4,0.7,.500,1.1,2.5,3.6,3.3,1.1,0.7,1.1,5.4,10.1,,98,123,harrijo01
177,Tobias Harris,PF,31,PHI,27,27,910,8.6,16.8,.513,1.4,4.2,.342,7.2,12.6,.570,4.3,4.8,.900,1.4,7.2,8.6,3.8,1.3,0.6,2.4,2.4,22.9,,120,113,harrito02
178,Shaquille Harrison,SG,30,MEM,3,0,6,8.1,16.1,.500,0.0,0.0,,8.1,16.1,.500,0.0,0.0,,0.0,16.1,16.1,0.0,0.0,8.1,0.0,0.0,16.1,,100,102,harrish01
179,Josh Hart,SF,28,NYK,27,5,748,5.4,11.8,.461,1.9,5.2,.359,3.6,6.6,.540,1.2,1.5,.783,1.9,8.5,10.5,5.0,1.7,0.5,1.9,3.4,13.9,,119,114,hartjo01
180,Isaiah Hartenstein,C,25,NYK,27,1,555,5.6,9.5,.589,0.1,0.3,.333,5.5,9.3,.596,2.9,4.6,.647,7.2,8.5,15.7,3.3,2.1,2.3,2.2,6.6,14.3,,131,111,harteis01
181,Sam Hauser,SF,26,BOS,27,3,620,6.6,14.4,.462,5.4,12.4,.433,1.3,2.0,.640,0.6,0.8,.800,1.9,5.6,7.5,2.1,1.2,0.6,1.1,3.2,19.3,,130,114,hausesa01
182,Jordan Hawkins,SG,21,NOP,26,9,632,7.1,18.5,.381,4.3,12.1,.356,2.7,6.4,.429,3.0,3.5,.870,1.3,5.2,6.5,3.0,0.8,0.0,1.7,3.3,21.5,,109,118,hawkijo01
183,Jaxson Hayes,C,23,LAL,25,1,271,5.6,8.5,.667,0.0,0.7,.000,5.6,7.8,.727,2.5,4.4,.560,2.3,6.3,8.6,1.4,1.1,1.8,2.6,8.8,13.7,,111,113,hayesja02
184,Killian Hayes,PG,22,DET,25,21,660,6.6,15.5,.425,1.3,4.3,.305,5.3,11.2,.471,2.0,2.9,.700,0.7,4.9,5.6,7.9,1.9,1.1,2.0,3.5,16.5,,108,120,hayeski01
185,Gordon Hayward,SF,33,CHO,23,23,743,8.6,18.4,.468,1.4,3.9,.373,7.2,14.6,.493,3.9,5.2,.759,1.6,5.6,7.1,7.0,1.7,0.7,3.0,2.7,22.6,,111,123,haywago01
186,Scoot Henderson,PG,19,POR,17,5,447,7.9,21.2,.373,1.8,7.5,.235,6.1,13.7,.448,3.2,4.1,.784,1.4,3.6,5.0,8.1,0.9,0.4,6.0,7.1,20.7,,88,119,hendesc01
187,Taylor Hendricks,PF,20,UTA,9,0,156,5.6,14.6,.383,2.8,8.7,.321,2.8,5.9,.474,1.9,2.5,.750,2.5,4.7,7.1,1.6,2.5,1.6,2.2,3.4,15.8,,102,118,hendrita01
188,Tyler Herro,SG,24,MIA,10,10,341,12.7,27.1,.471,4.3,10.4,.417,8.4,16.7,.504,4.3,4.8,.909,0.7,6.7,7.4,6.7,1.9,0.0,3.8,2.2,34.2,,111,115,herroty01
189,Buddy Hield,SF,31,IND,26,14,668,8.6,19.2,.450,5.0,13.1,.381,3.7,6.1,.596,1.2,1.4,.850,1.3,4.1,5.5,4.8,1.5,1.3,2.8,3.4,23.4,,113,123,hieldbu01
190,Haywood Highsmith,PF,27,MIA,18,14,390,5.2,12.2,.427,2.5,7.5,.339,2.7,4.7,.568,1.5,2.0,.750,1.9,4.3,6.2,3.4,2.5,1.5,2.2,4.9,14.4,,108,113,highsha01
191,Nate Hinton,SG,24,HOU,4,0,16,9.2,18.5,.500,9.2,9.2,1.000,0.0,9.2,.000,0.0,0.0,,3.1,6.2,9.2,0.0,0.0,0.0,0.0,6.2,27.7,,145,115,hintona01
192,D'Moi Hodge,SG,25,LAL,7,0,41,5.8,17.5,.333,3.5,14.0,.250,2.3,3.5,.667,1.2,2.3,.500,0.0,0.0,0.0,5.8,1.2,1.2,1.2,4.7,16.3,,97,118,hodgedm01
193,Aaron Holiday,PG,27,HOU,23,1,420,7.2,15.7,.455,3.5,8.2,.429,3.6,7.5,.484,1.5,1.8,.867,0.8,4.2,5.0,4.7,1.3,0.4,1.5,5.2,19.4,,118,113,holidaa01
194,Jrue Holiday,PG,33,BOS,25,25,863,6.9,15.4,.448,2.6,6.4,.398,4.3,8.9,.484,1.6,1.9,.853,2.3,7.2,9.5,6.7,1.3,1.3,2.8,2.6,18.0,,115,112,holidjr01
195,Justin Holiday,SG,34,DEN,16,6,260,5.5,10.5,.527,3.4,7.2,.474,2.1,3.2,.647,0.0,0.0,,0.8,4.0,4.8,3.8,2.1,0.2,1.0,4.2,14.4,,135,115,holidju01
196,Richaun Holmes,C,30,DAL,14,1,140,5.1,11.3,.455,0.0,0.0,,5.1,11.3,.455,2.4,5.1,.467,6.9,10.6,17.5,2.4,0.3,2.1,3.1,6.9,12.7,,103,116,holmeri01
197,Chet Holmgren,C,21,OKC,25,25,743,9.8,18.8,.521,2.4,6.6,.373,7.3,12.2,.600,5.2,6.0,.871,2.8,10.1,12.8,3.8,1.3,4.6,3.1,4.6,27.2,,121,106,holmgch01
198,Jalen Hood-Schifino,SG,20,LAL,5,0,52,3.7,16.5,.222,0.9,7.3,.125,2.8,9.2,.300,4.6,9.2,.500,0.9,4.6,5.5,3.7,0.0,0.9,3.7,6.4,12.9,,66,118,hoodsja01
199,Al Horford,C,37,BOS,23,9,613,5.4,11.4,.472,2.6,7.0,.364,2.8,4.3,.648,0.8,0.8,1.000,3.1,10.0,13.1,5.2,0.8,1.8,1.8,3.0,14.1,,128,110,horfoal01
200,Talen Horton-Tucker,PG,23,UTA,28,11,641,9.0,21.6,.416,2.8,8.2,.339,6.2,13.4,.463,3.2,4.0,.811,0.9,4.8,5.7,9.5,2.3,0.8,3.9,4.6,24.0,,108,119,hortota01
201,Danuel House Jr.,SF,30,PHI,16,0,187,5.4,12.4,.438,2.8,7.0,.407,2.6,5.4,.476,2.8,3.6,.786,1.8,3.6,5.4,3.6,1.3,0.3,2.3,3.4,16.5,,117,116,houseda01
202,Caleb Houstan,SF,21,ORL,17,0,173,5.6,13.4,.417,4.7,12.2,.386,0.8,1.1,.750,1.9,1.9,1.000,1.7,5.3,7.0,1.9,0.6,0.0,0.8,3.6,17.8,,129,115,houstca01
203,Jett Howard,SF,20,ORL,8,0,34,5.7,21.2,.267,2.8,15.6,.182,2.8,5.7,.500,1.4,2.8,.500,1.4,4.2,5.7,4.2,0.0,0.0,2.8,1.4,15.6,,78,117,howarje01
204,Kevin Huerter,SG,25,SAC,25,25,637,7.7,17.8,.435,4.0,11.0,.363,3.8,6.8,.549,1.3,1.7,.773,1.1,6.6,7.7,5.1,1.4,0.6,1.3,4.4,20.8,,117,117,huertke01
205,Jay Huff,C,25,DEN,2,0,2,24.7,24.7,1.000,0.0,0.0,,24.7,24.7,1.000,0.0,0.0,,0.0,0.0,0.0,0.0,0.0,0.0,0.0,0.0,49.4,,200,123,huffja01
206,De'Andre Hunter,SF,26,ATL,24,24,727,7.9,17.2,.460,3.0,7.4,.404,4.9,9.8,.503,4.4,4.9,.907,1.0,5.4,6.4,2.1,1.3,0.6,2.4,4.8,23.3,,117,122,huntede01
207,Bones Hyland,PG,23,LAC,13,2,210,9.1,22.4,.406,4.4,12.1,.365,4.7,10.2,.455,2.1,2.3,.900,0.5,3.0,3.5,5.8,1.6,0.0,4.4,5.1,24.7,,99,116,hylanbo01
208,Joe Ingles,SF,36,ORL,24,0,437,4.2,10.4,.404,2.6,6.5,.407,1.5,3.9,.400,1.9,2.1,.895,1.2,6.1,7.3,9.0,2.0,0.3,2.2,4.1,12.9,,123,111,inglejo01
209,Brandon Ingram,SF,26,NOP,25,25,839,12.8,25.5,.501,1.9,5.9,.330,10.8,19.6,.553,6.2,7.6,.812,0.8,6.0,6.8,7.6,1.0,0.3,3.9,3.1,33.6,,114,117,ingrabr01
210,Kyrie Irving,SG,31,DAL,17,17,541,12.9,27.5,.471,3.8,9.9,.384,9.1,17.6,.520,5.0,5.5,.903,0.9,5.1,5.9,7.8,1.8,0.4,2.0,2.7,34.7,,122,118,irvinky01
211,Jonathan Isaac,PF,26,ORL,19,0,259,8.2,17.8,.458,2.4,8.5,.283,5.8,9.3,.620,4.6,5.8,.806,3.9,11.2,15.1,1.1,3.2,3.7,2.0,4.6,23.4,,116,101,isaacjo01
212,Jaden Ivey,SG,21,DET,23,7,554,8.2,18.2,.450,1.7,6.2,.278,6.5,12.0,.540,4.9,6.3,.781,1.5,4.4,5.9,5.3,1.4,0.9,3.8,5.2,23.0,,105,121,iveyja01
213,Andre Jackson Jr.,SG,22,MIL,21,5,221,5.3,8.9,.595,2.3,4.9,.478,3.0,4.0,.737,0.2,0.4,.500,3.8,4.5,8.3,4.3,1.3,0.0,2.3,8.5,13.2,,134,119,jacksan01
214,Gregory Jackson II,PF,19,MEM,4,0,19,7.6,25.5,.300,5.1,12.7,.400,2.5,12.7,.200,0.0,0.0,,2.5,5.1,7.6,0.0,2.5,2.5,2.5,5.1,20.4,,78,110,jacksgg01
215,Isaiah Jackson,C,22,IND,18,1,266,10.1,14.9,.674,0.0,0.3,.000,10.1,14.6,.690,4.3,6.2,.694,5.0,9.2,14.2,3.3,1.9,4.7,1.7,9.0,24.5,,140,115,jacksis01
216,Jaren Jackson Jr.,C,24,MEM,26,26,818,11.2,25.0,.447,2.5,7.9,.313,8.7,17.1,.509,8.2,9.9,.827,2.2,6.5,8.8,2.6,1.1,2.8,2.9,5.5,33.1,,111,112,jacksja02
217,Reggie Jackson,PG,33,DEN,29,14,739,10.4,21.0,.494,3.2,8.1,.397,7.2,12.9,.554,2.0,2.8,.714,0.7,3.5,4.3,8.8,1.3,0.5,2.9,3.9,25.9,,117,117,jacksre01
218,Trayce Jackson-Davis,PF,23,GSW,16,0,161,7.5,12.6,.595,0.0,0.0,,7.5,12.6,.595,5.1,8.1,.630,6.9,7.2,14.1,3.0,1.5,3.6,2.7,7.2,20.1,,126,112,jackstr02
219,LeBron James,PF,39,LAL,26,26,886,13.2,24.5,.540,3.1,8.0,.392,10.1,16.5,.611,5.8,8.0,.723,1.4,9.4,10.8,10.2,2.1,1.0,4.7,1.5,35.3,,118,110,jamesle01
220,Jaime Jaquez Jr.,SF,22,MIA,28,5,791,8.8,17.4,.505,1.9,5.2,.373,6.9,12.2,.561,3.0,3.6,.842,1.9,4.4,6.3,4.6,1.7,0.5,2.9,4.2,22.5,,113,116,jaqueja01
221,DaQuan Jeffries,SG,26,NYK,10,0,30,8.3,19.8,.417,1.7,8.3,.200,6.6,11.6,.571,0.0,3.3,.000,0.0,8.3,8.3,3.3,0.0,0.0,1.7,3.3,18.2,,90,119,jeffrda01
222,Ty Jerome,SG,26,CLE,2,0,15,6.5,13.0,.500,0.0,3.3,.000,6.5,9.8,.667,0.0,0.0,,3.3,0.0,3.3,9.8,0.0,0.0,3.3,6.5,13.0,,111,122,jeromty01
223,Isaiah Joe,SG,24,OKC,25,0,509,7.3,16.7,.438,5.5,13.0,.424,1.8,3.7,.487,2.5,3.0,.844,0.3,5.1,5.3,2.7,2.0,0.7,1.2,2.7,22.7,,122,113,joeis01
224,Cameron Johnson,PF,27,BRK,20,20,577,9.0,19.8,.453,4.1,10.5,.395,4.8,9.3,.518,2.0,2.5,.800,2.5,6.3,8.9,4.4,1.3,0.3,1.9,3.1,24.1,,120,119,johnsca02
225,Jalen Johnson,SF,22,ATL,15,12,449,9.0,15.1,.594,1.8,4.2,.425,7.2,10.9,.660,2.6,3.5,.758,2.1,9.4,11.5,3.8,1.8,1.6,3.2,3.5,22.3,,122,118,johnsja05
226,James Johnson,PF,36,IND,3,0,16,2.9,5.8,.500,0.0,0.0,,2.9,5.8,.500,0.0,0.0,,2.9,5.8,8.7,11.5,2.9,0.0,2.9,5.8,5.8,,124,120,johnsja01
227,Keldon Johnson,SF,24,SAS,25,25,827,9.1,19.2,.473,2.8,7.8,.358,6.3,11.4,.552,3.9,4.9,.782,1.8,7.4,9.2,5.8,1.4,0.4,2.4,3.5,24.8,,115,119,johnske04
228,Keyontae Johnson,SF,23,OKC,1,0,6,0.0,8.0,.000,0.0,0.0,,0.0,8.0,.000,0.0,0.0,,0.0,0.0,0.0,0.0,0.0,0.0,0.0,0.0,0.0,,0,122,johnske08
229,Nikola Jokić,C,28,DEN,28,28,938,15.2,28.1,.539,1.7,5.4,.320,13.4,22.7,.592,7.0,8.9,.787,4.9,13.4,18.3,13.7,1.7,1.2,3.9,3.7,39.1,,129,109,jokicni01
230,Colby Jones,SG,21,SAC,11,0,75,8.9,19.8,.452,0.6,5.1,.125,8.3,14.7,.565,1.3,1.9,.667,4.5,5.1,9.6,1.3,1.3,0.6,2.6,7.0,19.8,,97,118,jonesco02
231,Damian Jones,C,28,CLE,11,0,54,3.6,7.2,.500,0.0,0.0,,3.6,7.2,.500,0.9,1.8,.500,3.6,6.3,10.0,2.7,0.9,1.8,3.6,3.6,8.2,,92,114,jonesda03
232,Derrick Jones Jr.,SF,26,DAL,26,25,642,7.1,14.8,.480,3.1,8.5,.360,4.0,6.3,.643,2.5,3.2,.767,2.2,4.6,6.9,2.1,1.6,1.6,1.6,3.1,19.7,,120,117,jonesde02
233,Herbert Jones,SF,25,NOP,25,25,751,6.1,12.7,.477,1.7,5.4,.321,4.3,7.3,.591,4.0,4.6,.861,1.9,4.7,6.6,4.3,2.6,1.7,2.3,5.4,17.8,,119,112,joneshe01
234,Tre Jones,PG,24,SAS,22,0,515,6.2,13.7,.453,1.1,4.2,.261,5.1,9.5,.538,2.5,2.9,.844,0.9,4.2,5.1,10.1,1.5,0.4,2.6,2.5,15.9,,113,121,jonestr01
235,Tyus Jones,PG,27,WAS,26,26,711,8.4,16.0,.526,2.1,5.5,.388,6.3,10.5,.599,0.8,1.1,.765,0.4,4.7,5.1,9.2,2.0,0.5,1.3,1.3,19.8,,127,122,jonesty01
236,DeAndre Jordan,C,35,DEN,11,1,153,7.1,12.3,.579,0.0,0.0,,7.1,12.3,.579,3.6,10.0,.355,6.8,11.6,18.4,3.9,1.3,1.6,3.6,6.5,17.8,,108,110,jordade01
237,Cory Joseph,PG,32,GSW,12,0,127,3.4,11.8,.290,1.5,7.6,.200,1.9,4.2,.455,1.5,2.7,.571,0.8,3.4,4.2,9.1,1.1,0.8,1.9,3.8,9.9,,102,118,josepco01
238,Nikola Jović,PF,20,MIA,4,1,48,4.1,12.3,.333,3.1,7.2,.429,1.0,5.1,.200,3.1,4.1,.750,1.0,22.6,23.7,9.3,1.0,0.0,5.1,9.3,14.4,,97,108,jovicni01
239,Johnny Juzang,SG,22,UTA,1,0,4,0.0,24.2,.000,0.0,24.2,.000,0.0,0.0,,0.0,0.0,,0.0,0.0,0.0,12.1,0.0,0.0,0.0,0.0,0.0,,35,128,juzanjo01
240,Luke Kennard,SG,27,MEM,8,0,172,5.9,16.3,.362,4.8,12.9,.370,1.1,3.4,.333,2.0,2.0,1.000,0.8,5.6,6.5,4.5,1.4,0.3,1.4,1.1,18.6,,113,115,kennalu01
241,Walker Kessler,C,22,UTA,20,12,507,7.6,13.2,.580,0.2,1.2,.154,7.5,11.9,.624,1.5,2.9,.533,5.7,9.9,15.7,1.7,0.9,5.2,2.5,4.0,17.0,,115,114,kesslwa01
242,Braxton Key,SF,26,DEN,6,0,15,3.3,16.5,.200,0.0,6.6,.000,3.3,9.9,.333,3.3,6.6,.500,0.0,9.9,9.9,16.5,0.0,0.0,0.0,9.9,9.9,,97,116,keybr01
243,Corey Kispert,SF,24,WAS,25,1,576,7.5,16.7,.452,4.1,10.7,.381,3.4,5.9,.581,3.0,4.0,.740,0.8,4.0,4.8,3.0,0.8,0.3,2.0,3.7,22.1,,112,125,kispeco01
244,Maxi Kleber,C,32,DAL,5,1,90,2.1,8.5,.250,1.6,4.8,.333,0.5,3.7,.143,3.2,5.3,.600,2.1,9.1,11.2,5.3,0.5,0.5,2.1,4.3,9.1,,100,118,klebima01
245,Kevin Knox,SF,24,DET,10,2,150,7.3,15.3,.479,3.2,8.3,.385,4.1,7.0,.591,1.3,1.6,.800,1.6,6.0,7.6,1.6,1.6,0.6,2.9,4.5,19.1,,105,120,knoxke01
246,John Konchar,SF,27,MEM,21,2,374,3.1,8.8,.353,1.8,5.7,.318,1.3,3.1,.417,0.8,1.0,.750,2.8,8.2,11.0,3.8,2.1,1.7,1.4,3.1,8.8,,108,110,konchjo01
247,Furkan Korkmaz,SG,26,PHI,19,0,130,4.5,13.0,.343,1.9,7.1,.263,2.6,5.9,.438,2.6,3.3,.778,0.4,3.0,3.3,3.7,3.7,0.0,2.6,3.3,13.4,,93,111,korkmfu01
248,Luke Kornet,C,28,BOS,17,0,220,7.1,9.6,.744,0.0,0.0,,7.1,9.6,.744,2.2,2.7,.833,5.6,6.9,12.5,2.2,1.8,2.9,1.3,4.2,16.5,,154,108,kornelu01
249,Jonathan Kuminga,PF,21,GSW,26,5,548,10.4,21.2,.492,1.8,5.6,.317,8.7,15.6,.554,5.3,8.2,.645,2.6,5.8,8.5,2.2,1.5,0.7,3.0,5.6,27.9,,109,116,kuminjo01
250,Kyle Kuzma,PF,28,WAS,26,26,808,13.4,28.4,.471,3.5,9.8,.363,9.8,18.6,.528,4.2,5.4,.779,1.3,7.7,9.0,6.2,0.5,1.0,3.6,3.1,34.5,,107,123,kuzmaky01
251,Jock Landale,C,28,HOU,16,0,136,3.6,10.1,.357,0.7,3.6,.200,2.9,6.5,.444,1.4,1.4,1.000,4.3,5.8,10.1,2.9,1.8,1.1,2.9,4.7,9.4,,95,110,landajo01
252,Jake LaRavia,PF,22,MEM,8,0,99,5.4,15.6,.344,1.5,9.8,.150,3.9,5.9,.667,0.5,1.0,.500,2.4,2.9,5.4,2.4,0.5,0.0,2.0,7.3,12.7,,85,119,laravja01
253,Zach LaVine,SG,28,CHI,18,18,635,10.4,23.5,.443,3.4,10.1,.336,7.0,13.4,.524,5.6,6.5,.866,0.5,6.5,6.9,4.8,1.3,0.3,2.8,2.9,29.9,,112,118,lavinza01
254,A.J. Lawson,SG,23,DAL,10,0,68,8.5,19.8,.429,2.8,11.3,.250,5.6,8.5,.667,2.1,4.2,.500,2.1,2.1,4.2,2.1,0.0,0.7,1.4,2.8,21.9,,105,124,lawsoaj01
255,Saben Lee,PG,24,PHO,4,0,11,17.9,31.4,.571,0.0,4.5,.000,17.9,26.9,.667,9.0,9.0,1.000,9.0,4.5,13.4,13.4,0.0,4.5,0.0,4.5,44.8,,152,117,leesa01
256,Alex Len,C,30,SAC,6,0,41,7.0,9.3,.750,0.0,1.2,.000,7.0,8.2,.857,3.5,8.2,.429,8.2,10.5,18.7,5.8,1.2,5.8,2.3,2.3,17.5,,140,109,lenal01
257,Kawhi Leonard,SF,32,LAC,27,27,932,12.8,24.6,.521,3.3,7.7,.429,9.5,16.8,.564,5.6,6.4,.877,1.5,6.9,8.4,5.0,2.2,0.9,2.1,2.1,34.5,,127,112,leonaka01
258,Caris LeVert,SG,29,CLE,21,1,623,9.3,22.2,.417,2.9,9.0,.325,6.4,13.3,.479,4.0,5.3,.750,0.9,5.3,6.2,6.1,1.8,0.7,2.4,2.8,25.4,,108,114,leverca01
259,Kira Lewis Jr.,PG,22,NOP,13,0,131,5.5,17.2,.319,0.7,6.2,.118,4.8,11.0,.433,2.9,3.3,.889,1.1,2.9,4.0,6.6,1.8,0.4,2.2,2.9,14.7,,92,117,lewiski01
260,Maxwell Lewis,SF,21,LAL,12,0,53,0.9,8.1,.111,0.9,2.7,.333,0.0,5.4,.000,0.0,0.0,,0.9,1.8,2.7,2.7,1.8,0.0,4.5,1.8,2.7,,39,117,lewisma05
261,E.J. Liddell,PF,23,NOP,3,0,9,5.3,21.3,.250,0.0,16.0,.000,5.3,5.3,1.000,10.7,10.7,1.000,0.0,10.7,10.7,0.0,0.0,5.3,5.3,5.3,21.3,,74,110,liddeej01
262,Damian Lillard,PG,33,MIL,25,25,884,10.2,23.2,.441,4.4,11.7,.374,5.9,11.5,.509,10.2,11.1,.919,0.7,5.2,6.0,9.3,1.5,0.3,3.6,2.1,35.0,,126,118,lillada01
263,Nassir Little,PF,23,PHO,20,2,324,5.8,11.7,.494,2.4,6.7,.364,3.3,5.0,.667,2.3,2.7,.833,2.1,6.1,8.2,2.4,1.4,1.2,1.4,4.0,16.3,,126,116,littlna01
264,Dereck Lively II,C,19,DAL,23,22,582,7.7,10.6,.734,0.0,0.2,.000,7.7,10.4,.746,1.4,2.4,.586,5.4,9.2,14.7,2.1,1.2,3.0,2.3,5.8,16.9,,135,114,livelde01
265,Isaiah Livers,PF,25,DET,13,1,266,3.8,13.3,.284,2.2,8.8,.245,1.6,4.5,.360,1.4,2.0,.727,1.1,3.9,5.0,2.7,1.4,0.4,1.8,3.8,11.1,,85,122,liveris01
266,Chris Livingston,SF,20,MIL,5,0,21,6.7,9.0,.750,2.2,2.2,1.000,4.5,6.7,.667,0.0,0.0,,2.2,9.0,11.2,2.2,2.2,0.0,2.2,4.5,15.7,,141,114,livinch01
267,Kenneth Lofton Jr.,PF,21,MEM,15,0,99,6.8,18.1,.378,1.5,4.9,.300,5.4,13.2,.407,3.9,7.3,.533,1.0,6.4,7.3,6.8,1.5,1.5,2.9,7.3,19.1,,95,113,loftoke01
268,Kevon Looney,C,27,GSW,27,24,588,5.0,9.0,.560,0.0,0.0,,5.0,9.0,.560,1.9,2.7,.697,5.8,11.8,17.6,5.9,1.6,0.7,1.9,5.4,11.9,,133,112,looneke01
269,Brook Lopez,C,35,MIL,27,27,829,7.6,15.4,.491,2.7,7.9,.338,4.9,7.5,.652,2.6,3.1,.818,2.3,5.1,7.4,2.2,1.1,4.7,1.4,4.1,20.3,,123,114,lopezbr01
270,Robin Lopez,C,35,MIL,7,0,21,2.2,9.0,.250,2.2,6.7,.333,0.0,2.2,.000,4.5,4.5,1.000,0.0,2.2,2.2,4.5,0.0,2.2,2.2,6.7,11.2,,105,121,lopezro01
271,Kevin Love,PF,35,MIA,21,5,404,7.8,18.3,.427,5.0,13.6,.369,2.8,4.8,.590,3.9,4.8,.821,2.3,15.4,17.7,6.5,1.1,0.2,1.7,4.8,24.6,,126,112,loveke01
272,Kyle Lowry,PG,37,MIA,26,26,764,5.3,11.8,.451,3.6,8.1,.440,1.7,3.7,.474,1.9,2.3,.829,1.2,5.2,6.4,7.0,1.9,0.5,2.2,4.5,16.0,,124,115,lowryky01
273,Seth Lundy,SF,23,ATL,2,0,10,4.7,9.5,.500,0.0,4.7,.000,4.7,4.7,1.000,0.0,0.0,,0.0,4.7,4.7,0.0,0.0,0.0,0.0,14.2,9.5,,106,126,lundyse01
274,Trey Lyles,PF,28,SAC,13,0,260,5.3,13.1,.408,3.1,9.9,.315,2.2,3.1,.706,2.2,3.5,.632,2.2,10.9,13.1,3.5,0.2,0.9,1.7,4.4,16.0,,114,118,lylestr01
275,Théo Maledon,PG,22,CHO,13,1,200,4.6,16.0,.288,1.2,7.3,.167,3.4,8.7,.389,2.7,2.9,.917,1.0,4.6,5.6,6.8,1.7,0.0,3.6,4.4,13.1,,83,124,maledth01
276,Sandro Mamukelashvili,C,24,SAS,11,0,84,5.0,14.0,.360,2.2,8.4,.267,2.8,5.6,.500,2.8,3.3,.833,3.9,8.4,12.3,7.3,1.7,1.7,3.3,5.6,15.1,,105,116,mamuksa01
277,Terance Mann,SG,27,LAC,21,17,559,4.9,11.4,.431,1.2,5.3,.233,3.7,6.1,.600,1.3,1.9,.682,2.0,4.5,6.5,3.8,1.2,0.7,1.2,3.3,12.3,,113,116,mannte01
278,Tre Mann,PG,22,OKC,9,0,92,8.3,16.6,.500,2.6,6.7,.385,5.7,9.9,.579,0.5,0.5,1.000,1.6,7.3,8.8,7.3,1.6,0.0,4.1,1.6,19.7,,108,113,manntr01
279,Boban Marjanović,C,35,HOU,3,0,20,12.3,22.2,.556,0.0,2.5,.000,12.3,19.7,.625,0.0,2.5,.000,4.9,14.8,19.7,7.4,0.0,2.5,0.0,4.9,24.6,,126,107,marjabo01
280,Lauri Markkanen,PF,26,UTA,19,19,629,11.6,23.9,.484,4.5,11.9,.381,7.0,11.9,.587,6.5,7.6,.848,3.1,9.5,12.6,1.8,1.3,1.1,1.8,3.2,34.1,,127,118,markkla01
281,Naji Marshall,SF,26,NOP,19,0,380,6.6,14.5,.452,3.0,6.9,.436,3.5,7.6,.467,3.8,4.7,.811,2.7,7.5,10.1,5.8,1.9,0.6,2.9,3.3,20.0,,119,113,marshna01
282,Caleb Martin,SF,28,MIA,18,8,485,8.3,18.6,.443,2.3,6.3,.371,5.9,12.3,.479,2.3,3.5,.676,2.3,6.6,9.0,4.3,1.5,0.4,2.5,4.1,21.2,,105,116,martica02
283,KJ Martin,SF,23,TOT,16,0,112,5.6,12.1,.464,0.4,2.6,.167,5.2,9.5,.545,1.7,3.5,.500,2.2,4.8,6.9,3.9,3.5,0.4,2.2,7.4,13.4,,104,110,martike04
283,KJ Martin,SF,23,LAC,2,0,31,6.3,15.8,.400,1.6,7.9,.200,4.7,7.9,.600,1.6,3.2,.500,1.6,3.2,4.7,1.6,3.2,1.6,3.2,4.7,15.8,,86,111,martike04
283,KJ Martin,SF,23,PHI,14,0,81,5.4,10.7,.500,0.0,0.6,.000,5.4,10.1,.529,1.8,3.6,.500,2.4,5.4,7.7,4.8,3.6,0.0,1.8,8.3,12.5,,112,109,martike04
284,Garrison Mathews,SG,27,ATL,15,1,164,4.3,9.2,.469,4.3,9.2,.469,0.0,0.0,,0.0,0.3,.000,0.9,3.8,4.6,0.6,1.4,0.6,1.7,6.3,13.0,,117,123,mathega01
285,Bennedict Mathurin,SF,21,IND,26,12,664,9.1,20.2,.452,2.4,6.3,.389,6.7,13.9,.480,5.1,6.0,.849,2.0,4.8,6.8,3.8,1.1,0.3,2.6,3.8,25.7,,113,124,mathube01
286,Wesley Matthews,SG,37,ATL,16,1,192,2.5,9.4,.263,1.5,7.1,.207,1.0,2.2,.444,3.4,4.7,.737,1.0,4.9,5.9,2.7,2.2,0.5,1.2,5.7,9.9,,101,120,matthwe02
287,Tyrese Maxey,PG,23,PHI,26,26,962,11.7,25.3,.462,4.3,10.8,.400,7.4,14.5,.509,6.4,7.1,.901,0.8,4.3,5.0,8.7,1.1,0.7,2.0,2.5,34.1,,129,115,maxeyty01
288,Skylar Mays,PG,26,POR,15,5,290,7.3,17.9,.406,2.0,6.9,.293,5.2,11.0,.477,1.9,2.2,.846,0.8,3.4,4.2,11.5,2.0,0.3,2.5,3.2,18.4,,112,117,mayssk01
289,Miles McBride,PG,23,NYK,17,0,81,7.9,15.9,.500,4.3,10.4,.412,3.7,5.5,.667,0.6,1.2,.500,0.6,1.8,2.4,4.9,3.7,0.0,0.0,6.1,20.8,,143,114,mcbrimi01
290,CJ McCollum,PG,32,NOP,15,15,497,10.5,22.7,.464,4.8,10.9,.442,5.7,11.8,.484,3.7,4.4,.826,1.0,4.7,5.7,7.5,2.0,1.2,2.0,3.0,29.5,,123,114,mccolcj01
291,T.J. McConnell,PG,31,IND,20,1,317,10.3,19.8,.522,0.1,1.5,.100,10.2,18.3,.556,2.3,3.2,.727,1.7,6.6,8.3,14.7,2.9,0.4,3.3,3.3,23.1,,121,119,mccontj01
292,Jaden McDaniels,SF,23,MIN,16,15,397,8.7,15.5,.563,2.0,5.0,.390,6.7,10.4,.647,0.7,1.1,.667,1.5,3.2,4.7,2.1,1.0,1.0,2.0,6.6,20.1,,116,112,mcdanja02
293,Jalen McDaniels,SF,26,TOR,16,0,141,4.5,17.0,.265,1.4,8.3,.167,3.1,8.7,.360,0.7,0.7,1.000,1.4,4.8,6.2,3.1,1.7,1.0,2.1,4.5,11.1,,74,116,mcdanja01
294,Doug McDermott,SF,32,SAS,24,0,395,6.1,13.8,.440,4.7,10.6,.449,1.3,3.2,.407,0.9,1.2,.800,0.5,3.0,3.4,4.6,0.9,0.2,1.7,3.6,17.8,,118,123,mcderdo01
295,JaVale McGee,C,36,SAC,23,0,200,11.5,17.0,.676,0.0,0.2,.000,11.5,16.8,.686,2.6,5.3,.500,6.2,11.0,17.2,2.4,1.2,3.6,5.5,6.5,25.6,,109,111,mcgeeja01
296,Bryce McGowens,SG,21,CHO,21,3,367,4.9,10.7,.457,2.2,5.8,.386,2.6,4.9,.541,2.6,3.4,.769,0.8,4.4,5.2,2.2,1.1,0.4,1.7,4.5,14.7,,114,125,mcgowbr01
297,Jordan McLaughlin,PG,27,MIN,9,0,35,2.8,7.0,.400,2.8,4.2,.667,0.0,2.8,.000,2.8,2.8,1.000,0.0,0.0,0.0,11.1,1.4,4.2,0.0,2.8,11.1,,173,109,mclaujo01
298,De'Anthony Melton,SG,25,PHI,27,27,777,6.4,16.2,.395,3.4,9.3,.369,3.0,7.0,.429,3.2,4.0,.813,1.4,5.3,6.6,5.7,2.6,0.9,2.0,4.1,19.4,,116,111,meltode01
299,Nathan Mensah,C,25,CHO,3,0,49,3.0,5.9,.500,0.0,0.0,,3.0,5.9,.500,2.0,2.0,1.000,5.9,10.9,16.9,1.0,1.0,0.0,3.0,8.9,7.9,,109,121,mensana01
300,Sam Merrill,SG,27,CLE,15,0,164,9.2,20.6,.449,8.7,18.2,.475,0.6,2.4,.250,0.9,1.2,.750,1.5,4.5,6.0,4.2,1.2,0.3,1.5,4.8,28.0,,131,117,merrisa01
301,Chimezie Metu,C,26,PHO,17,2,182,7.0,14.1,.500,2.2,6.5,.333,4.9,7.6,.643,2.4,3.2,.750,1.6,7.0,8.7,1.9,2.2,1.4,2.2,4.9,18.7,,113,114,metuch01
302,Vasilije Micić,PG,30,OKC,10,0,122,3.9,11.7,.333,2.0,7.0,.278,2.0,4.7,.417,1.6,2.3,.667,0.0,2.0,2.0,10.6,0.8,0.4,4.3,2.3,11.3,,93,118,micicva01
303,Khris Middleton,SF,32,MIL,22,22,508,10.2,21.6,.472,2.9,8.0,.360,7.3,13.6,.537,3.3,4.1,.818,1.5,8.3,9.8,8.5,1.7,0.1,3.9,4.2,26.6,,114,116,middlkh01
304,Brandon Miller,SF,21,CHO,24,18,774,8.7,19.8,.437,2.9,7.7,.382,5.7,12.1,.472,2.4,3.0,.792,1.4,4.8,6.2,3.4,1.0,0.8,2.5,4.4,22.7,,105,124,millebr02
305,Jordan Miller,SF,24,LAC,3,0,12,8.2,12.2,.667,4.1,4.1,1.000,4.1,8.2,.500,0.0,0.0,,0.0,4.1,4.1,0.0,0.0,0.0,4.1,8.2,20.4,,107,119,millejo02
306,Leonard Miller,SF,20,MIN,3,0,6,8.1,16.2,.500,0.0,0.0,,8.1,16.2,.500,0.0,0.0,,0.0,48.7,48.7,8.1,0.0,0.0,0.0,8.1,16.2,,122,86,millele01
307,Dariq Whitehead,SF,19,BRK,1,0,3,0.0,0.0,,0.0,0.0,,0.0,0.0,,16.3,32.5,.500,0.0,0.0,0.0,0.0,0.0,16.3,0.0,0.0,16.3,,122,106,whiteda01
308,Patty Mills,PG,35,ATL,4,0,35,4.1,13.5,.300,4.1,9.5,.429,0.0,4.1,.000,0.0,0.0,,0.0,5.4,5.4,5.4,1.4,1.4,2.7,5.4,12.2,,94,121,millspa02
309,Shake Milton,SG,27,MIN,25,0,383,5.8,15.6,.374,1.4,5.7,.244,4.4,9.9,.449,4.6,5.5,.837,0.6,4.6,5.2,4.8,1.8,0.4,3.1,4.8,17.7,,99,110,miltosh01
310,Justin Minaya,SF,24,POR,6,0,38,2.6,7.7,.333,2.6,5.2,.500,0.0,2.6,.000,1.3,2.6,.500,5.2,1.3,6.4,0.0,0.0,1.3,1.3,2.6,9.0,,112,122,minayju01
311,Josh Minott,SF,21,MIN,11,0,27,14.4,25.2,.571,0.0,9.0,.000,14.4,16.2,.889,7.2,10.8,.667,1.8,3.6,5.4,1.8,0.0,1.8,0.0,7.2,36.1,,126,113,minotjo01
312,Davion Mitchell,PG,25,SAC,20,3,282,4.8,13.8,.346,2.0,7.5,.273,2.7,6.3,.432,1.7,2.2,.769,0.3,2.9,3.2,7.3,0.8,0.3,2.2,4.6,13.2,,101,121,mitchda01
313,Donovan Mitchell,SG,27,CLE,22,22,803,12.9,28.5,.453,4.1,11.8,.351,8.8,16.7,.526,7.2,8.1,.887,1.5,6.0,7.5,7.4,2.4,0.6,3.5,3.0,37.2,,117,112,mitchdo01
314,Evan Mobley,PF,22,CLE,21,21,705,9.9,17.2,.573,0.1,0.7,.200,9.7,16.5,.588,3.5,4.5,.769,3.9,11.4,15.3,4.2,1.2,2.4,3.3,4.2,23.3,,117,110,mobleev01
315,Isaiah Mobley,PF,24,CLE,2,0,10,4.9,14.7,.333,0.0,4.9,.000,4.9,9.8,.500,0.0,0.0,,0.0,9.8,9.8,14.7,4.9,0.0,4.9,9.8,9.8,,86,105,mobleis01
316,Malik Monk,SG,25,SAC,26,0,656,9.1,21.0,.431,5.1,12.2,.419,3.9,8.8,.446,4.5,5.0,.897,0.9,4.0,4.9,9.9,1.2,0.9,4.2,3.1,27.7,,116,119,monkma01
317,Moses Moody,SG,21,GSW,27,4,508,7.9,16.7,.474,2.8,8.0,.345,5.1,8.7,.593,3.1,4.2,.750,3.3,5.4,8.8,2.5,1.8,0.7,1.8,3.5,21.7,,120,116,moodymo01
318,Xavier Moon,SG,29,LAC,2,0,12,4.1,8.2,.500,0.0,4.1,.000,4.1,4.1,1.000,0.0,0.0,,0.0,8.2,8.2,12.2,0.0,0.0,4.1,4.1,8.2,,104,117,moonxa01
319,Wendell Moore Jr.,SG,22,MIN,6,0,14,3.5,10.4,.333,0.0,7.0,.000,3.5,3.5,1.000,0.0,0.0,,0.0,3.5,3.5,3.5,3.5,0.0,3.5,3.5,7.0,,64,107,moorewe01
320,Ja Morant,PG,24,MEM,1,1,35,16.6,33.2,.500,0.0,6.9,.000,16.6,26.3,.632,13.8,16.6,.833,4.1,4.1,8.3,11.1,2.8,1.4,6.9,2.8,47.0,,113,112,moranja01
321,Marcus Morris,PF,34,PHI,19,3,261,7.8,15.3,.506,3.7,6.8,.541,4.1,8.5,.478,0.9,0.9,1.000,1.3,7.6,8.9,2.2,1.3,1.3,1.1,5.7,20.2,,127,112,morrima03
322,Markieff Morris,PF,34,DAL,11,0,114,5.5,16.0,.342,2.9,9.7,.304,2.5,6.3,.400,0.0,0.0,,1.7,7.6,9.3,4.2,1.7,0.4,2.9,3.8,13.9,,90,117,morrima02
323,Trey Murphy III,SF,23,NOP,8,0,202,9.3,19.0,.488,4.5,11.4,.396,4.8,7.6,.625,5.2,6.2,.846,0.2,6.9,7.1,3.3,1.0,0.7,0.7,1.7,28.3,,133,116,murphtr02
324,Dejounte Murray,SG,27,ATL,27,27,927,10.5,23.3,.452,3.1,8.3,.374,7.4,15.0,.495,3.4,4.0,.848,1.1,4.9,6.0,7.5,2.0,0.5,2.9,2.2,27.6,,116,121,murrade01
325,Jamal Murray,PG,26,DEN,15,15,435,11.7,25.6,.458,4.0,9.2,.432,7.7,16.4,.472,4.0,4.3,.921,0.7,5.0,5.7,9.8,1.0,1.4,3.3,3.5,31.3,,116,116,murraja01
326,Keegan Murray,SF,23,SAC,22,22,705,8.6,19.3,.447,3.9,10.5,.370,4.8,8.8,.538,2.5,2.9,.860,2.2,6.0,8.2,2.6,1.8,0.5,1.4,4.1,23.6,,116,117,murrake02
327,Kris Murray,SF,23,POR,13,0,144,4.1,12.6,.324,2.7,8.2,.333,1.4,4.4,.308,1.0,1.7,.600,2.7,5.1,7.8,2.4,3.4,0.7,0.3,3.4,11.9,,109,113,murrakr01
328,Mike Muscala,C,32,WAS,14,2,180,3.8,10.0,.385,1.5,5.9,.261,2.3,4.1,.563,3.6,4.1,.875,2.0,6.7,8.7,3.3,0.8,1.3,2.6,4.1,12.8,,105,123,muscami01
329,Svi Mykhailiuk,SF,26,BOS,11,0,83,4.1,14.8,.280,2.4,11.8,.200,1.8,3.0,.600,0.0,0.0,,1.8,3.5,5.3,2.4,2.4,0.0,2.4,3.0,10.6,,79,113,mykhasv01
330,Larry Nance Jr.,C,31,NOP,14,0,211,4.8,9.6,.500,0.7,2.5,.273,4.1,7.1,.581,0.9,1.8,.500,4.1,9.1,13.2,2.3,2.0,0.9,3.0,4.3,11.1,,102,112,nancela02
331,Andrew Nembhard,PG,24,IND,17,2,308,7.8,17.1,.456,1.3,5.5,.243,6.4,11.5,.558,0.9,1.3,.667,1.3,3.0,4.3,10.5,2.2,0.1,3.3,4.9,17.8,,109,123,nembhan01
332,Aaron Nesmith,SF,24,IND,24,1,589,8.1,14.7,.548,3.7,7.8,.470,4.4,6.9,.636,2.4,3.4,.682,1.7,4.0,5.7,1.9,1.7,1.3,1.3,6.2,22.2,,131,122,nesmiaa01
333,Georges Niang,PF,30,CLE,28,1,625,6.5,16.3,.399,3.3,9.8,.336,3.2,6.5,.494,1.1,1.2,.933,0.9,7.0,7.9,2.6,0.7,0.2,1.6,5.3,17.4,,104,116,niangge01
334,Daishen Nix,PG,21,MIN,6,0,21,7.0,18.5,.375,4.6,11.6,.400,2.3,7.0,.333,0.0,4.6,.000,0.0,2.3,2.3,0.0,2.3,0.0,0.0,0.0,18.5,,90,111,nixda01
335,Zeke Nnaji,PF,23,DEN,23,0,247,6.6,13.2,.500,0.8,2.2,.364,5.8,11.0,.527,4.4,7.0,.629,6.2,5.4,11.6,2.6,1.0,3.0,2.8,7.0,18.4,,116,113,nnajize01
336,Jaylen Nowell,SG,24,MEM,9,1,156,6.8,17.1,.400,1.2,7.1,.174,5.6,9.9,.563,0.9,0.9,1.000,0.9,3.4,4.3,5.0,0.9,0.0,1.6,4.0,15.8,,98,118,nowelja01
337,Markquis Nowell,SG,24,TOR,1,0,4,0.0,12.2,.000,0.0,0.0,,0.0,12.2,.000,24.4,24.4,1.000,24.4,0.0,24.4,24.4,12.2,0.0,0.0,0.0,24.4,,169,96,nowelma01
338,Jusuf Nurkić,C,29,PHO,27,27,769,7.8,16.7,.464,1.1,4.1,.266,6.7,12.6,.528,4.4,6.2,.711,5.1,12.6,17.7,6.7,1.8,2.1,3.6,6.2,21.0,,114,110,nurkiju01
339,Jordan Nwora,SF,25,IND,10,0,118,10.6,21.9,.482,3.1,9.4,.333,7.4,12.5,.594,2.3,2.7,.857,2.7,5.9,8.6,4.3,2.0,0.4,3.9,4.7,26.6,,108,122,nworajo01
340,Royce O'Neale,SF,30,BRK,26,5,719,4.7,12.4,.377,4.0,10.5,.383,0.7,2.0,.345,0.5,0.8,.583,1.4,7.3,8.6,5.8,1.4,1.4,1.7,4.7,13.8,,117,116,onealro01
341,Chuma Okeke,SF,25,ORL,13,0,61,5.5,14.2,.389,3.2,9.5,.333,2.4,4.7,.500,0.0,0.0,,2.4,8.7,11.0,3.2,1.6,0.0,2.4,0.8,14.2,,101,111,okekech01
342,Josh Okogie,SG,25,PHO,23,11,491,4.5,10.8,.417,1.4,5.1,.275,3.1,5.7,.544,4.6,6.0,.767,3.8,4.0,7.8,2.7,2.2,1.2,1.9,3.1,15.1,,119,116,okogijo01
343,Onyeka Okongwu,C,23,ATL,27,2,663,7.1,12.1,.586,0.8,2.6,.297,6.3,9.4,.667,3.6,4.3,.850,4.6,8.6,13.2,2.8,0.8,1.6,1.4,5.3,18.6,,140,120,okongon01
344,Isaac Okoro,SF,23,CLE,19,8,466,5.3,11.0,.476,1.7,4.3,.390,3.6,6.7,.531,2.1,3.4,.625,2.9,4.2,7.1,3.9,1.8,0.8,1.5,4.4,14.3,,122,115,okorois01
345,Kelly Olynyk,C,32,UTA,26,5,561,5.7,10.6,.537,1.6,4.0,.413,4.1,6.6,.610,3.1,3.5,.878,3.5,9.2,12.7,9.8,1.7,0.6,4.0,6.1,16.1,,126,118,olynyke01
346,Eugene Omoruyi,SF,26,WAS,15,0,86,13.4,22.5,.595,2.7,7.0,.385,10.7,15.6,.690,7.0,9.1,.765,4.8,8.0,12.9,4.3,3.2,0.5,4.3,7.0,36.5,,124,117,omorueu01
347,Cedi Osman,SF,28,SAS,26,1,501,7.9,16.5,.477,3.3,8.8,.372,4.6,7.7,.598,1.9,2.6,.714,1.0,4.9,5.9,4.2,0.9,0.5,1.5,3.9,20.9,,116,122,osmande01
348,Kelly Oubre Jr.,SF,28,PHI,16,6,407,9.5,19.6,.485,2.8,8.3,.343,6.6,11.3,.589,3.4,4.7,.725,2.1,5.8,7.9,1.2,2.3,0.5,1.4,4.4,25.3,,118,112,oubreke01
349,Chris Paul,PG,38,GSW,24,7,659,5.4,13.7,.396,2.0,6.3,.314,3.5,7.4,.465,2.2,2.4,.909,0.6,6.0,6.6,13.4,2.2,0.1,2.2,3.2,15.0,,124,115,paulch01
350,Cameron Payne,PG,29,MIL,27,2,445,6.6,14.5,.453,3.2,8.1,.390,3.4,6.3,.533,1.7,1.8,.941,0.1,3.3,3.4,7.0,1.1,0.2,2.4,5.6,18.0,,117,120,payneca01
351,Gary Payton II,SG,31,GSW,14,0,242,6.8,14.2,.479,1.8,5.6,.321,5.0,8.6,.581,1.2,1.8,.667,3.0,5.8,8.8,2.6,3.4,0.8,1.8,5.2,16.6,,114,112,paytoga02
352,Filip Petrušev,C,23,TOT,3,0,10,4.8,9.6,.500,0.0,0.0,,4.8,9.6,.500,4.8,9.6,.500,0.0,4.8,4.8,0.0,0.0,0.0,0.0,4.8,14.4,,108,121,petrufi01
352,Filip Petrušev,C,23,PHI,1,0,3,0.0,0.0,,0.0,0.0,,0.0,0.0,,0.0,0.0,,0.0,16.1,16.1,0.0,0.0,0.0,0.0,0.0,0.0,,,111,petrufi01
352,Filip Petrušev,C,23,SAC,2,0,7,6.8,13.7,.500,0.0,0.0,,6.8,13.7,.500,6.8,13.7,.500,0.0,0.0,0.0,0.0,0.0,0.0,0.0,6.8,20.5,,108,125,petrufi01
353,Julian Phillips,SF,20,CHI,16,0,70,3.6,12.2,.294,0.0,5.7,.000,3.6,6.4,.556,0.7,2.9,.250,1.4,5.7,7.2,4.3,0.7,0.0,1.4,6.4,7.9,,76,120,phillju01
354,Jalen Pickett,SG,24,DEN,12,0,77,6.4,13.5,.476,3.8,9.6,.400,2.6,3.8,.667,1.3,1.3,1.000,0.6,5.8,6.4,5.1,1.9,0.0,3.8,4.5,18.0,,108,115,pickeja02
355,Mason Plumlee,C,33,LAC,6,0,102,5.8,9.1,.632,0.0,0.0,,5.8,9.1,.632,2.9,6.7,.429,3.8,12.0,15.8,2.9,1.9,0.5,2.4,2.9,14.4,,116,109,plumlma01
356,Brandin Podziemski,SG,20,GSW,21,4,451,7.3,16.0,.456,2.6,6.4,.400,4.7,9.5,.494,1.6,2.5,.652,3.2,7.9,11.2,5.8,1.8,0.4,3.1,4.3,18.8,,112,114,podzibr01
357,Jakob Poeltl,C,28,TOR,27,27,702,9.0,12.4,.725,0.0,0.0,,9.0,12.4,.725,1.9,3.8,.509,5.2,10.0,15.2,4.2,1.3,2.2,3.1,5.1,19.9,,127,112,poeltja01
358,Aleksej Pokusevski,PF,22,OKC,7,0,43,2.2,12.2,.182,1.1,8.9,.125,1.1,3.3,.333,1.1,2.2,.500,2.2,6.7,8.9,5.5,0.0,1.1,3.3,5.5,6.7,,69,116,pokusal01
359,Jordan Poole,SG,24,WAS,25,25,734,9.8,23.6,.416,3.3,10.1,.325,6.5,13.5,.484,4.4,5.1,.864,0.6,3.3,3.9,5.5,1.6,0.5,4.5,5.0,27.3,,97,124,poolejo01
360,Craig Porter Jr.,PG,23,CLE,17,2,249,9.0,17.7,.511,0.8,2.2,.364,8.3,15.5,.532,3.9,5.5,.714,1.4,5.5,6.9,9.0,2.0,1.8,2.9,3.1,22.8,,118,113,portecr01
361,Michael Porter Jr.,SF,25,DEN,29,29,904,9.9,21.3,.467,4.3,11.2,.385,5.6,10.1,.557,1.6,2.2,.750,2.5,9.9,12.4,2.4,0.8,1.1,1.8,3.2,25.9,,115,113,portemi01
362,Otto Porter Jr.,SF,30,TOR,11,1,130,3.8,9.8,.385,2.6,7.1,.368,1.1,2.6,.429,0.4,0.4,1.000,2.3,6.8,9.0,1.1,1.5,1.5,0.8,4.5,10.5,,113,115,porteot01
363,Bobby Portis,PF,28,MIL,27,0,646,10.3,20.0,.513,2.0,5.6,.364,8.2,14.4,.571,2.5,3.1,.810,3.1,10.1,13.2,2.3,1.5,0.9,1.8,4.8,25.1,,118,114,portibo01
364,Kristaps Porziņģis,C,28,BOS,20,20,604,10.4,19.7,.529,2.8,8.1,.350,7.6,11.5,.655,7.5,8.9,.836,2.4,8.8,11.2,2.8,1.2,2.9,2.8,5.0,31.1,,127,108,porzikr01
365,Micah Potter,PF,25,UTA,2,0,7,0.0,6.9,.000,0.0,6.9,.000,0.0,0.0,,0.0,0.0,,0.0,27.7,27.7,0.0,0.0,0.0,0.0,0.0,0.0,,0,112,pottemi01
366,Dwight Powell,C,32,DAL,24,3,355,4.3,6.1,.711,0.1,0.1,1.000,4.2,5.9,.705,5.3,6.6,.796,4.7,5.7,10.4,4.2,1.2,1.2,1.4,6.4,14.1,,160,118,poweldw01
367,Norman Powell,SG,30,LAC,27,0,685,8.9,17.5,.506,3.6,8.1,.451,5.2,9.4,.553,4.5,5.1,.875,0.3,3.9,4.2,2.1,1.2,0.9,1.9,3.6,25.9,,124,116,powelno01
368,Joshua Primo,SG,21,LAC,1,0,5,9.8,19.6,.500,0.0,9.8,.000,9.8,9.8,1.000,0.0,0.0,,0.0,0.0,0.0,0.0,0.0,9.8,29.4,0.0,19.6,,34,111,primojo01
369,Taurean Prince,PF,29,LAL,26,26,796,5.6,12.9,.433,3.1,8.3,.377,2.5,4.6,.532,1.0,1.3,.727,0.5,3.7,4.2,2.8,1.2,0.7,1.4,3.2,15.2,,108,116,princta02
370,Payton Pritchard,PG,26,BOS,27,0,552,6.0,14.5,.417,3.8,9.7,.394,2.2,4.8,.463,1.2,1.6,.722,2.0,5.5,7.6,7.0,1.0,0.3,1.3,2.9,17.1,,127,115,pritcpa01
371,Olivier-Maxence Prosper,PF,21,DAL,17,0,143,4.0,11.7,.343,1.7,7.4,.227,2.3,4.4,.538,3.0,4.7,.643,2.3,7.7,10.1,4.4,0.3,0.3,0.3,3.0,12.7,,117,120,prospol01
372,Neemias Queta,C,24,BOS,7,0,105,7.0,14.5,.484,0.0,0.0,,7.0,14.5,.484,1.9,2.3,.800,9.3,9.8,19.2,0.9,1.9,1.4,1.9,6.5,15.9,,120,108,quetane01
373,Immanuel Quickley,SG,24,NYK,26,0,623,10.5,23.6,.444,4.3,11.2,.383,6.2,12.4,.500,5.6,6.6,.855,0.4,5.5,5.9,5.5,1.2,0.2,2.1,3.0,30.9,,122,117,quickim01
374,Lester Quinones,SG,23,GSW,2,0,9,10.8,32.3,.333,5.4,21.5,.250,5.4,10.8,.500,0.0,0.0,,0.0,0.0,0.0,0.0,0.0,0.0,5.4,5.4,26.9,,71,124,quinole01
375,Julius Randle,PF,29,NYK,27,27,953,11.6,25.1,.464,2.1,7.3,.293,9.5,17.8,.534,6.4,8.6,.752,2.9,10.4,13.4,7.3,0.8,0.3,4.5,3.7,31.9,,113,115,randlju01
376,Duop Reath,C,27,POR,17,4,254,9.1,21.6,.420,4.6,13.3,.348,4.4,8.3,.535,3.7,4.1,.905,3.5,5.6,9.1,3.9,2.1,1.0,2.1,5.8,26.4,,118,115,reathdu01
377,Austin Reaves,SG,25,LAL,28,9,826,8.6,18.0,.476,2.8,7.6,.364,5.8,10.3,.559,4.7,5.4,.871,1.4,6.0,7.4,8.0,1.5,0.2,3.9,2.3,24.6,,114,115,reaveau01
378,Cam Reddish,SF,24,LAL,23,16,559,5.0,12.3,.403,1.8,5.6,.318,3.2,6.7,.474,2.5,2.9,.853,1.2,4.3,5.5,2.6,2.9,0.6,1.3,3.6,14.2,,107,112,reddica01
379,Paul Reed,C,24,PHI,27,1,371,7.7,13.3,.578,0.5,1.4,.364,7.2,11.8,.604,1.7,2.1,.813,6.2,9.1,15.4,3.9,1.8,2.1,3.4,7.3,17.6,,121,109,reedpa01
380,Naz Reid,C,24,MIN,26,0,583,10.9,21.9,.500,4.1,10.6,.386,6.8,11.3,.607,3.1,3.3,.925,2.4,7.3,9.8,2.0,1.5,1.3,2.6,3.7,29.1,,117,108,reidna01
381,Jared Rhoden,SG,24,DET,5,0,30,7.9,14.3,.556,1.6,6.4,.250,6.4,7.9,.800,3.2,3.2,1.000,1.6,4.8,6.4,4.8,0.0,0.0,3.2,6.4,20.7,,119,125,rhodeja01
382,Nick Richards,C,26,CHO,20,7,422,7.3,10.2,.708,0.0,0.0,,7.3,10.2,.708,4.8,5.9,.824,4.9,10.1,15.1,1.3,0.8,2.8,2.2,6.1,19.3,,140,119,richani01
383,Josh Richardson,SG,30,MIA,23,4,637,6.7,15.0,.443,2.7,8.0,.340,4.0,7.1,.560,2.4,2.6,.912,0.9,4.0,4.8,5.4,1.0,0.5,1.9,3.1,18.5,,115,118,richajo01
384,Duncan Robinson,SF,29,MIA,26,16,757,8.7,17.9,.487,5.2,11.8,.442,3.5,6.1,.574,2.0,2.5,.816,0.5,4.2,4.7,5.4,0.8,0.2,2.2,3.9,24.7,,122,119,robindu01
385,Jerome Robinson,SG,26,GSW,1,0,5,0.0,19.4,.000,0.0,0.0,,0.0,19.4,.000,0.0,0.0,,9.7,9.7,19.4,0.0,0.0,0.0,0.0,0.0,0.0,,40,118,robinje01
386,Mitchell Robinson,C,25,NYK,21,21,613,4.7,7.9,.592,0.0,0.0,,4.7,7.9,.592,1.1,3.1,.368,9.0,8.4,17.4,1.2,2.6,2.2,1.7,3.2,10.5,,128,110,robinmi01
387,Orlando Robinson,C,23,MIA,13,7,210,7.3,13.9,.525,1.6,2.8,.583,5.6,11.1,.511,2.4,3.3,.714,4.2,9.4,13.6,5.4,1.2,1.6,3.1,6.6,18.6,,119,113,robinor01
388,Jeremiah Robinson-Earl,PF,23,NOP,11,1,111,6.9,13.4,.516,2.6,4.8,.545,4.3,8.6,.500,2.6,2.6,1.000,4.3,7.3,11.7,2.6,0.9,0.0,2.6,3.9,19.0,,124,116,robinje02
389,David Roddy,PF,22,MEM,26,8,619,6.4,15.8,.406,2.0,7.0,.289,4.4,8.8,.500,1.6,2.2,.714,2.0,6.6,8.6,2.7,1.3,0.7,2.0,2.9,16.4,,99,114,roddyda01
390,Ryan Rollins,PG,21,WAS,8,0,49,8.5,16.9,.500,0.9,1.9,.500,7.5,15.1,.500,12.2,15.1,.813,1.9,7.5,9.4,9.4,7.5,1.9,6.6,5.6,30.1,,114,106,rolliry01
391,Derrick Rose,PG,35,MEM,15,7,284,9.0,20.6,.438,1.9,5.5,.344,7.2,15.2,.472,3.2,3.6,.905,1.2,3.9,5.1,8.9,1.2,0.3,3.6,3.1,23.2,,106,117,rosede01
392,Terry Rozier,SG,29,CHO,17,17,606,11.8,25.4,.464,3.5,9.9,.358,8.3,15.5,.531,4.5,5.1,.875,0.9,4.2,5.0,9.7,1.7,0.6,3.1,2.7,31.6,,117,124,roziete01
393,Rayan Rupert,SG,19,POR,7,0,31,1.6,19.0,.083,1.6,9.5,.167,0.0,9.5,.000,3.2,6.3,.500,1.6,0.0,1.6,3.2,3.2,0.0,3.2,1.6,7.9,,48,117,ruperra01
394,D'Angelo Russell,PG,27,LAL,27,27,808,9.3,19.9,.467,3.2,8.5,.382,6.0,11.3,.531,2.5,3.3,.768,0.5,4.4,5.0,9.9,1.3,0.7,2.8,3.3,24.3,,115,115,russeda01
395,Matt Ryan,SF,26,NOP,13,1,298,6.1,13.4,.458,5.2,11.0,.471,1.0,2.4,.400,2.1,2.3,.929,0.8,4.0,4.8,2.3,0.8,0.2,2.6,3.9,19.5,,117,118,ryanma01
396,Domantas Sabonis,C,27,SAC,26,26,899,10.0,17.4,.574,0.7,1.8,.394,9.3,15.6,.594,5.2,7.9,.662,4.8,12.1,16.9,10.0,1.2,1.0,4.1,4.4,25.8,,125,114,sabondo01
397,Luka Šamanić,PF,24,UTA,12,0,81,10.8,24.5,.439,3.0,10.8,.278,7.8,13.8,.565,1.2,1.2,1.000,1.8,13.2,15.0,1.8,0.6,1.2,3.6,5.4,25.7,,96,117,samanlu01
398,Jermaine Samuels,SF,25,HOU,5,0,29,3.4,6.8,.500,0.0,3.4,.000,3.4,3.4,1.000,3.4,3.4,1.000,1.7,10.2,11.9,3.4,0.0,1.7,0.0,5.1,10.2,,149,110,samueje01
399,Gui Santos,PF,21,GSW,2,0,12,8.1,16.1,.500,0.0,4.0,.000,8.1,12.1,.667,0.0,0.0,,8.1,8.1,16.1,4.0,0.0,0.0,8.1,8.1,16.1,,86,119,santogu01
400,Dario Šarić,C,29,GSW,27,4,563,8.4,18.0,.467,4.0,9.6,.411,4.5,8.4,.531,3.9,4.6,.833,3.8,9.8,13.6,4.9,1.4,0.5,2.9,5.8,24.7,,123,114,saricda01
401,Olivier Sarr,C,24,OKC,6,0,61,4.7,8.6,.545,1.6,3.9,.400,3.1,4.7,.667,3.1,4.7,.667,3.9,14.1,18.0,0.8,0.0,3.9,1.6,10.2,14.1,,129,107,sarrol01
402,Marcus Sasser,PG,23,DET,26,0,442,8.4,17.3,.488,3.5,8.1,.427,5.0,9.2,.541,1.8,2.1,.895,0.3,4.4,4.7,7.3,1.9,0.5,2.3,4.3,22.1,,120,120,sassema01
403,Admiral Schofield,PF,26,ORL,8,0,28,5.2,17.2,.300,1.7,10.3,.167,3.4,6.9,.500,0.0,3.4,.000,0.0,8.6,8.6,3.4,0.0,0.0,6.9,10.3,12.0,,54,114,schofad01
404,Dennis Schröder,PG,30,TOR,27,27,863,8.0,18.8,.425,2.6,7.2,.359,5.4,11.5,.466,3.8,4.4,.872,0.7,3.6,4.2,10.3,1.5,0.2,2.7,3.6,22.4,,116,118,schrode01
405,Dereon Seabron,SG,23,NOP,5,0,52,3.7,12.0,.308,0.9,1.8,.500,2.8,10.2,.273,4.6,5.5,.833,0.9,5.5,6.5,3.7,1.8,0.9,0.0,3.7,12.9,,112,114,seabrde01
406,Alperen Şengün,C,21,HOU,25,25,799,12.3,23.3,.529,1.0,3.6,.293,11.3,19.7,.572,4.6,6.9,.670,3.9,9.9,13.7,8.1,1.4,1.4,3.9,5.0,30.3,,116,108,sengual01
407,Brice Sensabaugh,SF,20,UTA,1,0,2,0.0,48.4,.000,0.0,0.0,,0.0,48.4,.000,0.0,0.0,,24.2,24.2,48.4,0.0,0.0,0.0,0.0,0.0,0.0,,38,114,sensabr01
408,Collin Sexton,SG,25,UTA,28,5,640,10.7,23.0,.464,2.9,8.2,.349,7.8,14.8,.528,7.5,8.5,.884,1.8,4.0,5.8,7.1,1.1,0.4,4.0,4.1,31.7,,118,123,sextoco01
409,Landry Shamet,SG,26,WAS,15,0,253,8.7,18.4,.475,4.4,10.9,.400,4.4,7.5,.585,0.9,2.0,.455,0.4,3.5,3.8,4.0,1.6,0.4,1.6,5.7,22.8,,111,124,shamela01
410,Day'Ron Sharpe,C,22,BRK,27,0,428,8.2,15.4,.533,0.0,0.7,.000,8.2,14.7,.558,3.8,6.2,.611,8.6,13.1,21.7,3.5,1.1,2.4,3.5,7.1,20.2,,116,112,sharpda01
411,Shaedon Sharpe,SG,20,POR,26,25,911,8.0,19.5,.410,2.9,8.1,.360,5.1,11.5,.446,4.5,5.5,.824,1.9,5.6,7.5,4.6,1.3,0.5,3.6,4.1,23.5,,105,117,sharpsh01
412,Ben Sheppard,SG,22,IND,12,0,90,7.7,17.4,.441,3.6,10.8,.333,4.1,6.7,.615,2.1,3.1,.667,1.0,3.1,4.1,4.1,2.1,0.0,0.5,5.6,21.0,,122,124,sheppbe01
413,Pascal Siakam,PF,29,TOR,27,27,933,11.3,22.4,.507,1.4,5.2,.260,10.0,17.2,.582,5.6,7.6,.740,2.2,7.2,9.5,7.0,1.2,0.3,3.3,3.0,29.7,,116,117,siakapa01
414,Ben Simmons,PG,27,BRK,6,6,191,4.9,9.2,.528,0.0,0.0,,4.9,9.2,.528,0.3,1.0,.250,4.1,12.5,16.6,10.2,0.8,1.3,3.8,4.1,10.0,,113,114,simmobe01
415,Anfernee Simons,SG,24,POR,8,8,269,12.8,28.8,.443,4.2,12.0,.348,8.6,16.8,.511,7.3,7.8,.930,1.1,3.3,4.4,8.4,1.5,0.2,3.6,3.3,37.0,,117,119,simonan01
416,Jericho Sims,C,25,NYK,14,5,103,4.8,7.2,.667,0.0,0.0,,4.8,7.2,.667,1.4,2.4,.600,2.9,8.7,11.5,1.4,0.5,0.5,1.0,6.7,11.1,,135,117,simsje01
417,Jalen Slawson,SF,24,SAC,5,0,19,5.0,7.6,.667,0.0,2.5,.000,5.0,5.0,1.000,0.0,0.0,,0.0,10.1,10.1,5.0,0.0,2.5,5.0,7.6,10.1,,88,116,slawsja01
418,Marcus Smart,PG,29,MEM,11,11,329,7.5,17.5,.429,2.6,9.0,.295,4.9,8.5,.569,2.5,3.1,.810,0.4,3.5,4.0,8.1,3.2,0.6,5.4,5.1,20.2,,96,112,smartma01
419,Dennis Smith Jr.,PG,26,BRK,13,0,229,7.2,17.1,.425,1.5,4.7,.318,5.8,12.4,.466,2.6,3.0,.857,2.3,6.0,8.3,9.6,2.3,0.6,2.6,6.0,18.5,,116,116,smithde03
420,Dru Smith,SG,26,MIA,9,0,131,5.7,12.4,.455,2.6,6.4,.412,3.0,6.0,.500,0.8,0.8,1.000,2.3,3.0,5.3,5.3,3.4,1.1,1.9,4.5,14.7,,118,112,smithdr01
421,Ish Smith,PG,35,CHO,20,0,323,5.3,9.9,.530,0.3,0.6,.500,5.0,9.3,.532,0.0,0.0,,0.8,3.5,4.2,8.3,1.1,0.3,3.8,3.0,10.8,,101,126,smithis01
422,Jabari Smith Jr.,PF,20,HOU,25,25,759,8.0,16.6,.480,2.7,7.2,.369,5.3,9.4,.566,2.8,3.4,.811,3.2,11.1,14.3,2.7,0.8,1.4,2.0,5.3,21.4,,117,108,smithja05
423,Jalen Smith,C,23,IND,15,0,224,11.7,16.3,.722,3.3,4.7,.696,8.4,11.5,.732,4.1,5.6,.741,4.5,12.2,16.7,2.5,1.0,0.8,3.1,6.4,30.9,,143,120,smithja04
424,Nick Smith Jr.,SG,19,CHO,11,0,109,9.8,21.4,.458,4.5,10.7,.417,5.3,10.7,.500,0.0,0.0,,1.3,1.8,3.1,1.3,0.4,1.3,1.8,4.0,24.1,,106,127,smithni01
425,Jeremy Sochan,PG,20,SAS,26,25,757,6.5,15.7,.413,1.2,3.7,.333,5.3,12.0,.438,2.4,3.2,.750,2.5,6.4,8.9,6.8,1.1,0.4,3.6,4.5,16.7,,99,120,sochaje01
426,Jaden Springer,SG,21,PHI,16,0,169,6.3,16.6,.379,1.4,4.9,.294,4.9,11.7,.415,3.4,4.6,.750,4.0,3.4,7.4,4.9,2.9,2.0,4.3,7.1,17.4,,98,110,sprinja01
427,Lamar Stevens,PF,26,BOS,10,1,48,9.2,18.4,.500,2.0,6.1,.333,7.2,12.3,.583,3.1,4.1,.750,5.1,5.1,10.2,3.1,4.1,3.1,4.1,10.2,23.5,,111,104,stevela01
428,Isaiah Stewart,PF,22,DET,25,25,758,6.0,13.1,.455,2.1,5.7,.367,3.9,7.5,.521,2.1,2.6,.786,2.8,7.9,10.8,2.2,0.4,0.9,2.7,4.2,16.1,,106,121,stewais01
429,Julian Strawther,SF,21,DEN,26,0,365,7.7,19.8,.390,4.3,12.6,.344,3.4,7.2,.472,1.8,2.4,.722,0.1,5.1,5.3,4.2,1.9,0.7,1.1,5.1,21.5,,109,114,strawju01
430,Max Strus,SF,27,CLE,28,28,966,7.0,17.0,.411,4.1,11.2,.362,2.9,5.8,.504,1.7,2.1,.805,1.1,6.5,7.6,5.4,1.2,0.7,2.2,4.2,19.7,,112,115,strusma01
431,Jalen Suggs,SG,22,ORL,24,24,624,8.1,17.2,.471,3.1,8.3,.374,5.0,8.9,.560,3.7,4.5,.828,1.1,5.3,6.4,4.6,3.1,1.2,3.5,5.0,23.0,,111,108,suggsja01
432,Cole Swider,SF,24,MIA,3,0,29,10.2,23.8,.429,6.8,18.7,.364,3.4,5.1,.667,0.0,0.0,,0.0,1.7,1.7,5.1,1.7,1.7,1.7,1.7,27.3,,111,116,swideco01
433,Jae'Sean Tate,SF,28,HOU,23,0,410,5.5,11.8,.469,1.7,4.8,.350,3.8,7.0,.552,1.2,1.7,.714,2.9,6.5,9.4,3.1,2.3,0.7,1.2,6.6,13.9,,119,109,tateja01
434,Jayson Tatum,PF,25,BOS,26,26,957,12.4,26.1,.476,3.9,11.4,.345,8.5,14.6,.579,7.0,8.8,.795,1.2,10.4,11.6,5.6,1.3,0.7,3.9,2.9,35.7,,116,110,tatumja01
435,Terry Taylor,PF,24,CHI,7,0,13,7.7,7.7,1.000,0.0,0.0,,7.7,7.7,1.000,0.0,0.0,,3.9,3.9,7.7,0.0,3.9,0.0,0.0,0.0,15.4,,205,115,taylote01
436,Garrett Temple,SG,37,TOR,6,0,19,10.3,12.8,.800,2.6,2.6,1.000,7.7,10.3,.750,5.1,5.1,1.000,0.0,5.1,5.1,7.7,2.6,0.0,0.0,0.0,28.2,,196,115,templga01
437,Dalen Terry,SG,21,CHI,13,0,99,3.5,9.6,.368,1.0,5.6,.182,2.5,4.1,.625,1.0,2.0,.500,2.0,8.1,10.1,6.1,0.5,1.5,2.0,6.1,9.1,,102,117,terryda01
438,Daniel Theis,C,31,TOT,17,0,283,7.8,16.9,.459,1.4,3.1,.444,6.4,13.8,.463,2.9,4.1,.708,5.0,6.2,11.2,2.6,1.2,2.6,1.6,7.6,19.8,,117,112,theisda01
438,Daniel Theis,C,31,IND,1,0,8,5.8,23.1,.250,0.0,5.8,.000,5.8,17.3,.333,0.0,0.0,,0.0,0.0,0.0,0.0,0.0,0.0,0.0,5.8,11.5,,55,130,theisda01
438,Daniel Theis,C,31,LAC,16,0,275,7.8,16.7,.468,1.4,3.0,.471,6.4,13.7,.468,3.0,4.3,.708,5.2,6.4,11.6,2.7,1.2,2.7,1.6,7.6,20.1,,119,112,theisda01
439,Cam Thomas,SG,22,BRK,18,16,570,13.8,30.3,.455,3.9,9.9,.388,9.9,20.4,.487,5.7,6.9,.838,0.5,4.5,5.0,3.8,0.9,0.8,2.8,3.2,37.2,,111,120,thomaca02
440,Amen Thompson,SF,21,HOU,6,0,86,6.3,14.9,.423,1.1,6.9,.167,5.2,8.0,.643,2.9,4.6,.625,1.7,8.6,10.3,4.0,1.1,0.6,3.4,6.3,16.6,,94,110,thompam01
441,Ausar Thompson,SF,21,DET,27,23,728,7.4,16.0,.463,0.5,3.5,.151,6.9,12.5,.550,2.4,3.4,.692,4.8,9.6,14.3,4.3,1.6,2.0,3.1,6.1,17.7,,105,116,thompau01
442,Klay Thompson,SF,33,GSW,26,26,794,9.3,22.1,.419,5.0,13.3,.376,4.3,8.8,.483,3.6,4.0,.908,0.9,5.2,6.2,3.5,0.8,0.8,2.7,3.4,27.1,,111,118,thompkl01
443,Tristan Thompson,PF,32,CLE,23,0,246,6.6,9.1,.717,0.0,0.0,,6.6,9.1,.717,1.8,5.0,.360,6.8,8.6,15.3,3.8,1.2,1.6,2.0,4.6,14.9,,133,112,thomptr01
444,JT Thor,PF,21,CHO,23,1,360,3.9,10.5,.372,1.6,5.5,.293,2.3,5.0,.459,0.4,0.9,.429,2.6,5.3,7.8,1.3,0.8,1.2,0.8,3.8,9.8,,102,124,thorjt01
445,Matisse Thybulle,SF,26,POR,26,12,603,4.7,10.2,.460,3.3,8.1,.410,1.4,2.1,.654,0.7,0.8,.800,0.9,3.4,4.3,2.2,3.5,1.7,1.5,2.3,13.4,,119,112,thybuma01
446,Xavier Tillman Sr.,C,25,MEM,14,6,289,6.5,16.7,.390,1.5,5.2,.290,5.0,11.6,.435,0.8,2.3,.357,3.2,7.9,11.1,3.9,3.3,1.7,2.2,4.2,15.4,,94,108,tillmxa01
447,Jacob Toppin,SF,23,NYK,1,0,2,0.0,0.0,,0.0,0.0,,0.0,0.0,,0.0,0.0,,0.0,0.0,0.0,0.0,0.0,24.8,0.0,0.0,0.0,,,92,toppija01
448,Obi Toppin,PF,25,IND,26,25,623,9.3,15.3,.609,2.3,6.2,.369,7.0,9.1,.772,2.3,2.9,.795,1.9,4.7,6.6,2.6,1.0,1.1,1.5,4.1,23.3,,134,124,toppiob01
449,Juan Toscano-Anderson,SF,30,SAC,3,0,10,4.8,14.4,.333,0.0,4.8,.000,4.8,9.6,.500,0.0,0.0,,4.8,9.6,14.4,9.6,0.0,0.0,4.8,14.4,9.6,,88,119,toscaju01
450,Karl-Anthony Towns,PF,28,MIN,26,26,865,11.8,22.7,.520,2.9,6.8,.425,8.9,16.0,.560,6.0,6.7,.899,2.5,11.6,14.1,4.3,1.3,1.0,4.2,4.9,32.5,,117,106,townska01
451,Gary Trent Jr.,SG,25,TOR,24,2,607,7.7,19.6,.393,3.7,10.4,.354,4.0,9.2,.439,1.8,2.8,.629,0.4,3.9,4.3,3.1,1.2,0.2,1.2,1.8,20.9,,104,119,trentga02
452,Oscar Tshiebwe,PF,24,IND,3,0,17,10.9,21.7,.500,0.0,0.0,,10.9,21.7,.500,8.1,10.9,.750,5.4,8.1,13.6,5.4,0.0,0.0,0.0,2.7,29.9,,135,125,tshieos01
453,P.J. Tucker,PF,38,TOT,15,3,239,1.2,3.9,.316,1.0,3.3,.313,0.2,0.6,.333,0.6,0.6,1.000,3.3,5.5,8.8,1.6,1.8,0.6,0.8,7.1,4.1,,124,113,tuckepj01
453,P.J. Tucker,PF,38,PHI,3,3,66,1.5,3.7,.400,1.5,3.7,.400,0.0,0.0,,0.0,0.0,,0.7,9.5,10.2,0.0,2.2,1.5,1.5,6.6,4.4,,89,108,tuckepj01
453,P.J. Tucker,PF,38,LAC,12,0,173,1.1,4.0,.286,0.8,3.1,.273,0.3,0.8,.333,0.8,0.8,1.000,4.2,4.0,8.2,2.3,1.7,0.3,0.6,7.4,4.0,,135,115,tuckepj01
454,Myles Turner,C,27,IND,25,25,678,10.3,20.6,.503,2.3,7.1,.327,8.0,13.5,.596,5.8,7.4,.787,3.2,9.9,13.1,2.0,1.0,3.5,2.3,5.2,28.8,,120,118,turnemy01
455,Hunter Tyson,PF,23,DEN,8,0,20,2.5,9.9,.250,0.0,7.4,.000,2.5,2.5,1.000,0.0,0.0,,0.0,12.4,12.4,2.5,0.0,0.0,0.0,12.4,4.9,,70,115,tysonhu01
456,Stanley Umude,SG,24,DET,15,0,155,6.2,13.5,.455,4.3,8.3,.519,1.8,5.2,.353,6.5,7.1,.913,0.9,7.7,8.6,2.5,1.2,1.5,3.1,7.4,23.1,,123,119,umudest01
457,Jonas Valančiūnas,C,31,NOP,28,28,775,10.0,17.5,.574,1.3,3.4,.382,8.7,14.1,.621,4.5,5.6,.800,4.3,12.8,17.1,4.1,0.9,2.3,2.4,5.6,25.8,,129,110,valanjo01
458,Jarred Vanderbilt,PF,24,LAL,7,0,99,1.4,6.3,.231,0.0,3.4,.000,1.4,2.9,.500,0.5,1.0,.500,3.4,8.7,12.1,2.9,1.0,1.0,1.0,5.8,3.4,,88,113,vandeja01
459,Fred VanVleet,PG,29,HOU,24,24,924,7.4,18.7,.397,3.9,10.0,.388,3.5,8.6,.407,3.9,4.5,.881,0.4,5.2,5.6,11.6,1.4,0.7,2.1,2.5,22.7,,122,112,vanvlfr01
460,Devin Vassell,SG,23,SAS,21,15,623,10.5,22.4,.466,4.1,11.2,.369,6.3,11.2,.564,3.7,4.7,.790,0.7,4.7,5.4,4.4,1.4,0.2,2.3,1.7,28.7,,112,121,vassede01
461,Sasha Vezenkov,PF,28,SAC,23,0,322,7.6,17.4,.436,4.2,11.0,.378,3.4,6.4,.535,0.9,1.2,.750,2.7,7.1,9.8,1.8,1.8,0.9,1.2,3.7,20.2,,114,116,vezenal01
462,Gabe Vincent,PG,27,LAL,5,0,127,4.5,12.0,.375,0.8,6.4,.118,3.8,5.6,.667,0.4,0.8,.500,0.8,1.1,1.9,5.6,2.3,0.0,0.8,4.5,10.1,,100,116,vincega01
463,Nikola Vučević,C,33,CHI,29,29,994,10.2,22.7,.449,1.6,5.5,.294,8.6,17.2,.499,2.3,2.6,.865,4.2,11.1,15.3,5.0,1.2,1.1,2.5,3.9,24.3,,110,115,vucevni01
464,Dean Wade,PF,27,CLE,21,14,441,3.8,9.2,.410,3.0,8.2,.365,0.8,1.0,.778,1.2,1.6,.786,3.0,7.2,10.2,2.2,2.1,0.7,1.1,5.4,11.8,,126,112,wadede01
465,Franz Wagner,SF,22,ORL,26,26,865,10.5,23.6,.446,2.0,7.1,.283,8.5,16.5,.515,5.6,6.6,.840,1.6,6.7,8.3,5.7,1.6,0.5,2.4,3.1,28.6,,113,111,wagnefr01
466,Moritz Wagner,C,26,ORL,26,0,488,11.6,18.9,.615,1.4,4.0,.341,10.3,14.9,.689,5.1,6.6,.776,3.8,6.7,10.6,2.9,1.2,0.9,3.7,6.5,29.8,,123,112,wagnemo01
467,Ish Wainright,SF,29,POR,2,0,5,0.0,9.8,.000,0.0,9.8,.000,0.0,0.0,,0.0,0.0,,0.0,0.0,0.0,0.0,9.8,0.0,0.0,9.8,0.0,,0,102,wainris01
468,Jabari Walker,SF,21,POR,26,0,457,7.6,16.4,.464,1.4,5.3,.265,6.2,11.2,.558,3.8,4.8,.778,4.4,9.1,13.5,1.8,2.0,1.1,2.4,6.1,20.4,,112,112,walkeja01
469,Jarace Walker,PF,20,IND,8,0,84,6.6,15.4,.429,1.6,6.0,.273,4.9,9.3,.529,1.6,1.6,1.000,0.5,6.0,6.6,6.0,2.2,1.6,1.6,6.0,16.5,,111,120,walkeja02
470,Lonnie Walker IV,SG,25,BRK,17,0,362,11.9,24.3,.489,5.9,12.8,.463,5.9,11.5,.518,3.9,5.1,.763,0.4,5.7,6.1,3.8,1.3,0.9,3.4,2.2,33.6,,116,118,walkelo01
471,Cason Wallace,SG,20,OKC,25,5,545,6.1,10.6,.579,2.4,4.7,.500,3.8,5.9,.642,1.1,1.3,.800,1.1,3.9,4.9,3.1,1.2,1.0,1.1,3.7,15.7,,134,115,wallaca01
472,P.J. Washington,PF,25,CHO,23,13,691,8.1,19.0,.424,3.2,9.7,.326,4.9,9.3,.526,2.2,3.0,.744,1.9,6.4,8.3,3.9,1.3,1.3,2.3,4.5,21.6,,107,122,washipj01
473,TyTy Washington Jr.,PG,22,MIL,2,0,6,7.8,23.5,.333,7.8,15.7,.500,0.0,7.8,.000,0.0,0.0,,0.0,7.8,7.8,0.0,7.8,0.0,15.7,0.0,23.5,,54,102,washity02
474,Yuta Watanabe,SF,29,PHO,19,0,328,4.2,12.0,.350,3.5,9.9,.348,0.8,2.1,.357,1.4,2.0,.692,1.5,4.4,5.9,1.5,1.1,1.1,2.1,4.4,13.2,,99,118,watanyu01
475,Lindy Waters III,SG,26,OKC,9,0,70,6.1,15.0,.409,5.5,14.3,.381,0.7,0.7,1.000,0.0,0.0,,0.7,3.4,4.1,4.1,0.0,0.7,0.0,4.1,17.7,,129,119,waterli01
476,Trendon Watford,PF,23,BRK,20,0,280,9.2,17.6,.525,1.0,3.3,.316,8.2,14.3,.573,2.8,3.1,.889,3.3,8.7,12.0,6.6,1.6,1.2,3.7,6.6,22.3,,116,115,watfotr01
477,Peyton Watson,SF,21,DEN,27,0,452,6.9,13.3,.516,1.2,3.6,.333,5.7,9.7,.584,2.5,3.9,.639,1.9,5.6,7.4,3.2,1.6,2.7,1.7,4.8,17.5,,116,112,watsope01
478,Victor Wembanyama,PF,20,SAS,24,24,732,10.9,25.0,.436,2.2,7.7,.281,8.7,17.2,.506,5.2,6.6,.786,3.7,13.1,16.8,4.2,2.0,4.5,5.2,4.0,29.1,,97,109,wembavi01
479,Blake Wesley,SG,20,SAS,6,0,26,5.4,14.4,.375,0.0,1.8,.000,5.4,12.6,.429,1.8,3.6,.500,1.8,1.8,3.6,10.8,0.0,1.8,1.8,5.4,12.6,,102,124,weslebl01
480,Russell Westbrook,PG,35,LAC,27,10,650,9.2,20.0,.459,1.3,4.7,.270,7.9,15.3,.517,3.0,5.0,.606,3.2,9.5,12.6,9.5,2.3,1.0,4.6,4.2,22.7,,106,110,westbru01
481,Coby White,PG,23,CHI,29,29,1005,8.9,19.8,.449,4.6,10.8,.426,4.3,9.0,.478,2.9,3.5,.831,0.7,5.2,5.9,7.1,1.2,0.3,2.6,3.7,25.3,,119,119,whiteco01
482,Derrick White,SG,29,BOS,24,24,782,8.2,16.7,.492,4.2,9.8,.429,4.0,6.9,.582,4.1,4.8,.868,1.2,4.8,6.0,7.7,1.9,1.8,2.6,3.2,24.8,,132,111,whitede01
483,Cam Whitmore,SF,19,HOU,5,0,32,10.8,23.1,.467,1.5,7.7,.200,9.2,15.4,.600,7.7,15.4,.500,1.5,10.8,12.3,3.1,1.5,0.0,3.1,3.1,30.8,,100,109,whitmca01
484,Aaron Wiggins,SG,25,OKC,23,0,272,7.7,12.8,.603,1.9,4.0,.478,5.8,8.8,.660,3.0,4.0,.739,2.5,5.6,8.1,2.8,1.8,0.2,2.1,3.9,20.3,,130,113,wiggiaa01
485,Andrew Wiggins,SF,28,GSW,25,21,664,8.6,20.5,.420,1.7,5.8,.300,6.8,14.6,.468,3.5,5.2,.667,3.6,4.7,8.3,2.0,0.6,0.7,3.1,4.3,22.4,,100,119,wiggian01
486,Lindell Wigginton,PG,25,MIL,3,0,8,11.8,29.4,.400,0.0,11.8,.000,11.8,17.7,.667,11.8,11.8,1.000,0.0,0.0,0.0,0.0,0.0,0.0,5.9,5.9,35.3,,90,125,wiggili01
487,Grant Williams,PF,25,DAL,24,24,708,5.4,12.6,.425,3.5,8.7,.395,1.9,3.9,.491,1.4,2.2,.656,2.0,4.3,6.3,2.8,0.5,0.9,1.4,4.7,15.6,,118,121,willigr01
488,Jalen Williams,PF,22,OKC,22,22,708,9.6,19.3,.495,1.5,4.2,.355,8.1,15.2,.533,4.8,5.5,.877,0.5,5.4,5.9,5.5,1.3,0.5,2.6,4.1,25.4,,115,114,willija06
489,Jaylin Williams,C,21,OKC,20,0,262,5.3,13.5,.392,3.1,8.4,.370,2.2,5.1,.429,2.4,2.5,.929,2.2,10.4,12.6,4.9,1.3,0.4,1.8,6.4,16.0,,116,110,willija07
490,Jeenathan Williams,SG,24,HOU,4,0,22,13.4,24.6,.545,0.0,4.5,.000,13.4,20.2,.667,2.2,4.5,.500,0.0,0.0,0.0,4.5,2.2,0.0,0.0,4.5,29.1,,116,114,willije02
491,Kenrich Williams,PF,29,OKC,15,0,219,6.3,12.9,.492,2.6,6.1,.429,3.7,6.8,.548,0.7,2.2,.300,2.4,6.8,9.2,4.8,1.1,0.4,0.9,5.9,15.9,,125,114,willike04
492,Mark Williams,C,22,CHO,19,19,508,9.4,14.4,.649,0.0,0.0,,9.4,14.4,.649,4.4,6.1,.719,7.3,10.3,17.6,2.1,1.5,1.9,1.6,4.8,23.1,,139,119,willima07
493,Patrick Williams,PF,22,CHI,29,19,788,6.6,14.8,.442,2.5,6.0,.411,4.1,8.8,.464,2.3,3.1,.735,2.2,5.6,7.8,2.6,1.7,1.7,2.0,3.4,17.9,,110,116,willipa01
494,Robert Williams,C,26,POR,6,0,119,7.0,10.7,.654,0.0,0.0,,7.0,10.7,.654,2.9,3.7,.778,4.5,11.1,15.6,2.1,2.9,2.9,2.9,7.0,16.9,,123,107,williro04
495,Vince Williams Jr.,SG,23,MEM,18,4,335,4.5,10.3,.437,3.2,8.1,.393,1.3,2.2,.600,2.7,3.3,.826,2.0,9.2,11.3,3.5,0.9,1.4,1.9,5.8,14.9,,122,113,willivi01
496,Ziaire Williams,SF,22,MEM,24,8,480,6.6,16.8,.389,2.6,8.5,.310,3.9,8.4,.470,2.9,3.2,.906,1.5,8.3,9.8,3.4,1.0,0.5,3.1,4.3,18.7,,98,114,willizi02
497,Zion Williamson,PF,23,NOP,23,23,701,13.8,23.8,.578,0.1,0.5,.286,13.6,23.3,.584,7.1,10.8,.652,3.1,6.0,9.1,7.2,1.6,0.5,3.9,4.1,34.7,,119,115,willizi01
498,Jalen Wilson,PF,23,BRK,7,0,52,5.6,8.4,.667,1.9,2.8,.667,3.8,5.6,.667,3.8,3.8,1.000,2.8,4.7,7.5,3.8,0.9,0.9,1.9,2.8,16.9,,153,120,wilsoja03
499,Dylan Windler,SF,27,NYK,3,0,7,7.1,14.1,.500,7.1,14.1,.500,0.0,0.0,,0.0,0.0,,0.0,7.1,7.1,7.1,0.0,0.0,0.0,7.1,21.2,,169,119,windldy01
500,James Wiseman,C,22,DET,17,0,242,10.4,14.6,.716,0.0,0.2,.000,10.4,14.4,.726,3.0,4.7,.625,4.5,9.5,14.0,2.6,0.8,2.0,3.2,7.7,23.8,,125,118,wisemja01
501,Christian Wood,PF,28,LAL,25,1,486,6.2,13.4,.463,1.7,6.0,.279,4.5,7.4,.613,3.3,5.4,.618,2.4,11.7,14.0,2.3,0.5,1.5,2.9,3.9,17.4,,102,112,woodch01
502,Delon Wright,PG,31,WAS,8,0,141,3.6,9.8,.367,1.3,3.6,.364,2.3,6.2,.368,4.6,5.2,.875,1.0,5.6,6.5,11.4,4.3,0.3,1.3,2.0,13.1,,131,117,wrighde01
503,Thaddeus Young,PF,35,TOR,4,0,13,7.5,15.0,.500,0.0,0.0,,7.5,15.0,.500,0.0,7.5,.000,3.8,7.5,11.3,11.3,0.0,0.0,3.8,0.0,15.0,,95,120,youngth01
504,Trae Young,PG,25,ATL,25,25,900,11.5,26.5,.434,4.6,11.8,.387,6.9,14.7,.471,9.5,10.9,.870,0.7,3.2,3.9,14.6,1.7,0.2,5.5,2.4,37.1,,122,123,youngtr01
505,Omer Yurtseven,C,25,UTA,18,6,227,7.5,14.5,.515,0.6,2.8,.231,6.8,11.7,.582,1.3,1.7,.750,6.4,12.2,18.6,2.8,0.9,2.1,4.1,6.6,16.9,,105,116,yurtsom01
506,Cody Zeller,C,31,NOP,22,0,221,2.8,8.5,.333,0.0,0.2,.000,2.8,8.3,.342,3.3,5.6,.577,5.9,8.9,14.8,5.6,0.9,0.7,1.7,6.3,8.9,,112,115,zelleco01
507,Ivica Zubac,C,26,LAC,27,27,724,9.5,15.2,.627,0.0,0.0,,9.5,15.2,.627,3.2,5.1,.618,5.6,11.4,17.0,1.9,0.4,2.7,2.1,5.1,22.2,,127,111,zubaciv01