Rk,Player,Pos,Age,Tm,G,GS,MP,FG,FGA,FG%,3P,3PA,3P%,2P,2PA,2P%,FT,FTA,FT%,ORB,DRB,TRB,AST,STL,BLK,TOV,PF,PTS,Player-additional
1,Precious Achiuwa,C,24,TOR,21,0,387,6.7,14.0,.477,1.2,3.9,.310,5.5,10.1,.541,2.0,3.3,.583,4.3,7.3,11.6,3.9,1.2,0.8,2.5,3.4,16.6,achiupr01
2,Bam Adebayo,C,26,MIA,18,18,603,8.9,17.3,.514,0.1,0.2,.333,8.8,17.1,.516,5.8,7.2,.808,2.1,8.1,10.3,4.2,1.3,1.0,2.6,2.7,23.6,adebaba01
3,Ochai Agbaji,SG,23,UTA,28,10,590,4.4,9.8,.450,2.1,5.6,.380,2.3,4.1,.544,0.4,0.5,.750,1.6,2.9,4.5,1.9,1.2,0.9,1.2,2.6,11.3,agbajoc01
4,Santi Aldama,PF,23,MEM,20,5,501,6.5,14.9,.438,2.4,7.2,.340,4.1,7.8,.528,1.6,2.5,.629,2.3,6.2,8.5,2.8,1.0,1.1,1.6,2.6,17.1,aldamsa01
5,Nickeil Alexander-Walker,SG,25,MIN,26,11,609,4.0,9.5,.416,2.2,6.1,.365,1.7,3.4,.509,0.7,1.0,.647,0.7,2.4,3.1,3.8,1.2,1.1,1.7,2.9,10.8,alexani01
6,Grayson Allen,SG,28,PHO,22,22,731,4.4,9.1,.486,2.4,5.3,.449,2.1,3.8,.538,2.0,2.3,.891,0.9,4.0,5.0,2.9,0.9,0.5,1.5,2.6,13.2,allengr01
7,Jarrett Allen,C,25,CLE,23,23,669,6.7,10.1,.668,0.0,0.0,,6.7,10.1,.668,2.6,3.9,.681,3.6,6.7,10.3,2.9,1.0,1.2,2.3,3.5,16.1,allenja01
8,Jose Alvarado,PG,25,NOP,14,0,236,5.2,12.7,.410,2.9,7.0,.413,2.3,5.6,.405,1.8,3.1,.600,1.1,4.4,5.5,4.4,2.4,0.8,2.1,3.1,15.1,alvarjo01
9,Kyle Anderson,PF,30,MIN,26,0,598,4.1,9.0,.456,0.1,1.1,.105,4.0,7.8,.508,2.2,3.3,.685,1.1,4.3,5.4,6.3,1.3,1.3,2.3,2.3,10.5,anderky01
10,Giannis Antetokounmpo,PF,29,MIL,26,26,903,11.8,19.4,.611,0.4,1.8,.222,11.4,17.6,.651,7.7,11.6,.662,2.8,8.7,11.5,5.6,1.5,1.2,3.9,2.9,31.7,antetgi01
11,Thanasis Antetokounmpo,PF,31,MIL,12,0,55,2.6,5.9,.444,0.0,0.0,,2.6,5.9,.444,0.0,0.0,,2.0,2.0,3.9,3.3,1.3,0.7,3.3,4.6,5.2,antetth01
12,Cole Anthony,PG,23,ORL,26,0,653,7.2,15.6,.459,2.0,5.3,.375,5.2,10.3,.503,5.2,6.1,.847,1.5,4.5,6.0,5.2,1.0,0.7,2.7,4.2,21.5,anthoco01
13,OG Anunoby,SF,26,TOR,23,23,763,6.1,13.0,.469,2.5,6.8,.372,3.5,6.1,.577,1.3,1.8,.692,1.0,3.3,4.3,2.7,1.1,0.6,1.8,2.6,16.0,anunoog01
14,Ryan Arcidiacono,PG,29,NYK,9,0,20,0.0,5.4,.000,0.0,5.4,.000,0.0,0.0,,0.0,0.0,,0.0,9.0,9.0,5.4,1.8,0.0,0.0,0.0,0.0,arcidry01
15,Deni Avdija,SF,23,WAS,26,26,699,6.0,12.0,.498,1.2,3.6,.343,4.7,8.4,.564,2.3,2.8,.815,1.4,5.9,7.4,5.2,1.0,0.4,2.0,3.0,15.5,avdijde01
16,Deandre Ayton,C,25,POR,22,22,696,6.6,11.8,.557,0.0,0.0,,6.6,11.8,.557,1.2,1.5,.828,3.7,8.5,12.2,1.8,1.3,0.8,2.3,2.8,14.4,aytonde01
17,Udoka Azubuike,C,24,PHO,2,0,9,4.0,4.0,1.000,0.0,0.0,,4.0,4.0,1.000,0.0,0.0,,0.0,16.0,16.0,0.0,0.0,0.0,0.0,4.0,8.0,azubuud01
18,Marvin Bagley III,C,24,DET,22,9,411,7.9,13.8,.573,0.1,0.4,.200,7.8,13.3,.586,3.9,4.6,.830,3.6,5.5,9.1,2.1,0.3,1.2,2.5,3.1,19.7,baglema01
19,Amari Bailey,PG,19,CHO,2,0,11,6.5,19.6,.333,0.0,6.5,.000,6.5,13.1,.500,3.3,6.5,.500,6.5,0.0,6.5,0.0,0.0,0.0,3.3,0.0,16.4,baileam01
20,Patrick Baldwin Jr.,SF,21,WAS,7,0,39,4.6,12.0,.385,2.8,4.6,.600,1.8,7.4,.250,3.7,3.7,1.000,1.8,7.4,9.2,2.8,0.0,0.9,0.9,3.7,15.7,baldwpa01
21,LaMelo Ball,PG,22,CHO,15,15,501,9.5,21.4,.443,3.7,9.6,.388,5.7,11.8,.488,3.9,4.5,.857,1.7,4.2,5.9,8.8,1.5,0.3,4.2,3.7,26.6,ballla01
22,Mo Bamba,C,25,PHI,15,0,91,7.9,14.6,.541,2.0,4.0,.500,5.9,10.7,.556,3.2,4.4,.727,6.7,7.1,13.8,1.6,0.4,4.0,2.8,5.1,21.0,bambamo01
23,Paolo Banchero,PF,21,ORL,26,26,875,8.1,17.1,.471,1.4,3.7,.371,6.7,13.5,.498,4.6,6.7,.681,1.4,5.9,7.4,4.9,1.1,0.6,3.5,2.2,22.1,banchpa01
24,Desmond Bane,SG,25,MEM,25,25,860,9.4,20.3,.465,3.5,9.3,.380,5.9,11.0,.536,3.2,3.8,.856,1.1,3.5,4.6,5.4,1.3,0.7,3.2,3.2,25.6,banede01
25,Dalano Banton,PG,24,BOS,12,1,94,5.4,11.1,.483,0.4,3.1,.125,5.0,8.0,.619,1.9,2.3,.833,3.8,5.7,9.6,1.9,0.8,0.8,1.9,4.6,13.0,bantoda01
26,Dominick Barlow,PF,20,SAS,8,0,45,2.4,7.2,.333,0.0,1.6,.000,2.4,5.6,.429,3.2,4.8,.667,0.0,6.4,6.4,0.0,0.8,0.0,0.0,3.2,8.0,barlodo01
27,Harrison Barnes,PF,31,SAC,26,26,795,4.7,9.7,.486,2.1,5.2,.400,2.6,4.5,.586,2.1,2.6,.807,1.1,2.7,3.8,1.8,0.8,0.2,0.9,1.3,13.6,barneha02
28,Scottie Barnes,SG,22,TOR,27,27,944,8.0,16.2,.493,2.0,5.3,.381,6.0,10.9,.547,3.2,4.3,.750,2.7,6.8,9.5,5.9,1.6,1.3,2.6,2.1,21.2,barnesc01
29,RJ Barrett,SG,23,NYK,22,22,643,7.8,18.3,.426,2.1,6.0,.343,5.7,12.2,.468,5.2,6.0,.860,0.8,4.1,4.9,3.1,0.6,0.4,2.0,1.8,22.8,barrerj01
30,Charles Bassey,C,23,SAS,19,0,205,5.1,7.0,.725,0.0,0.2,.000,5.1,6.8,.744,0.9,1.1,.833,4.0,9.3,13.3,3.7,1.4,3.0,2.6,5.4,11.1,bassech01
31,Emoni Bates,SF,20,CLE,7,0,52,2.8,10.4,.267,2.1,8.3,.250,0.7,2.1,.333,0.7,1.4,.500,0.7,5.5,6.2,1.4,0.7,0.7,0.7,1.4,8.3,batesem01
32,Keita Bates-Diop,SF,28,PHO,22,8,387,3.8,9.6,.398,0.9,3.7,.250,2.9,5.9,.492,2.1,3.0,.719,1.9,4.5,6.3,1.8,1.1,1.4,0.6,1.9,10.7,bateske01
33,Nicolas Batum,PF,35,TOT,20,14,478,3.0,5.6,.541,2.0,4.2,.464,1.1,1.4,.778,0.5,0.8,.636,1.4,4.1,5.5,3.2,0.9,1.0,0.7,2.6,8.5,batumni01
33,Nicolas Batum,PF,35,LAC,3,0,54,2.0,5.3,.375,1.3,4.7,.286,0.7,0.7,1.000,0.0,0.0,,0.0,4.7,4.7,3.3,2.0,2.7,0.7,3.3,5.3,batumni01
33,Nicolas Batum,PF,35,PHI,17,14,424,3.1,5.6,.561,2.0,4.2,.490,1.1,1.4,.765,0.6,0.9,.636,1.5,4.1,5.6,3.2,0.8,0.8,0.7,2.5,8.9,batumni01
34,Bradley Beal,SG,30,PHO,6,6,151,7.4,16.5,.449,2.1,5.0,.429,5.2,11.4,.458,4.1,5.7,.708,0.7,4.1,4.8,4.5,1.0,0.5,3.3,3.1,21.0,bealbr01
35,Malik Beasley,SG,27,MIL,25,25,755,5.1,10.6,.482,3.4,7.6,.450,1.7,3.0,.565,0.4,0.6,.667,0.9,4.4,5.2,1.8,1.1,0.2,0.8,2.4,14.0,beaslma01
36,MarJon Beauchamp,SF,23,MIL,23,1,375,4.2,8.7,.484,1.6,3.7,.436,2.6,5.0,.519,1.1,1.7,.611,1.3,4.1,5.5,1.7,0.7,0.4,1.6,3.5,11.1,beaucma01
37,Jules Bernard,SG,24,WAS,2,0,10,3.6,18.0,.200,0.0,10.8,.000,3.6,7.2,.500,0.0,0.0,,3.6,0.0,3.6,3.6,0.0,0.0,3.6,3.6,7.2,bernaju01
38,Dāvis Bertāns,PF,31,OKC,9,0,71,3.5,9.6,.368,3.5,9.1,.389,0.0,0.5,.000,7.1,7.6,.933,0.5,3.5,4.1,3.5,1.0,1.0,0.5,5.1,17.7,bertada01
39,Patrick Beverley,PG,35,PHI,27,1,465,3.5,8.3,.421,1.3,4.3,.309,2.2,4.0,.538,1.3,2.0,.654,1.5,4.3,5.8,4.8,1.1,0.5,1.3,3.5,9.6,beverpa01
40,Saddiq Bey,SF,24,ATL,27,15,855,5.3,11.5,.462,2.0,5.8,.350,3.3,5.7,.574,1.9,2.4,.789,2.5,4.6,7.1,1.4,1.2,0.2,1.3,1.7,14.5,beysa01
41,Goga Bitadze,C,24,ORL,24,20,506,5.1,8.5,.597,0.1,0.4,.200,5.0,8.1,.614,2.4,3.4,.708,3.9,6.8,10.7,3.0,1.1,2.8,1.4,4.0,12.6,bitadgo01
42,Onuralp Bitim,SG,24,CHI,1,0,3,0.0,0.0,,0.0,0.0,,0.0,0.0,,0.0,0.0,,0.0,0.0,0.0,0.0,0.0,0.0,0.0,0.0,0.0,bitimon01
43,Bismack Biyombo,C,31,MEM,19,18,493,3.7,6.4,.586,0.0,0.0,,3.7,6.4,.586,1.4,2.7,.514,3.1,6.4,9.6,2.7,0.5,1.7,1.9,4.2,8.8,biyombi01
44,Anthony Black,PG,20,ORL,24,20,469,3.7,7.4,.500,0.8,2.7,.314,2.8,4.7,.607,1.2,2.1,.571,1.2,3.4,4.6,3.1,0.7,0.6,1.6,3.8,9.4,blackan01
45,Leaky Black,SF,24,CHO,7,0,40,4.5,7.2,.625,0.9,1.8,.500,3.6,5.4,.667,0.0,0.0,,1.8,4.5,6.3,3.6,1.8,2.7,0.9,1.8,9.9,blackle01
46,Bogdan Bogdanović,SG,31,ATL,25,2,701,8.2,17.4,.469,4.4,10.7,.413,3.7,6.7,.557,1.9,2.1,.925,0.5,3.9,4.4,3.4,1.8,0.4,1.5,3.4,22.6,bogdabo01
47,Bojan Bogdanović,PF,34,DET,8,7,251,8.3,16.8,.496,3.6,8.5,.424,4.7,8.3,.569,4.0,5.3,.757,0.6,2.0,2.6,2.9,1.3,0.0,2.2,1.7,24.2,bogdabo02
48,Bol Bol,PF,24,PHO,6,0,15,4.8,7.2,.667,0.0,2.4,.000,4.8,4.8,1.000,0.0,0.0,,0.0,7.2,7.2,0.0,0.0,2.4,4.8,2.4,9.6,bolbo01
49,Marques Bolden,C,25,MIL,2,0,3,0.0,0.0,,0.0,0.0,,0.0,0.0,,0.0,0.0,,0.0,24.0,24.0,0.0,0.0,0.0,0.0,12.0,0.0,boldema01
50,Devin Booker,SG,27,PHO,18,18,643,9.5,19.9,.476,2.0,5.3,.383,7.4,14.6,.510,7.2,8.0,.908,0.9,4.8,5.7,8.3,0.7,0.4,3.1,3.5,28.2,bookede01
51,Brandon Boston Jr.,SF,22,LAC,2,0,11,13.1,22.9,.571,3.3,9.8,.333,9.8,13.1,.750,0.0,0.0,,0.0,6.5,6.5,6.5,0.0,0.0,3.3,9.8,29.5,bostobr01
52,Chris Boucher,PF,31,TOR,25,0,354,5.5,12.2,.450,1.6,4.8,.340,3.9,7.4,.521,3.7,4.8,.766,3.1,6.5,9.6,0.8,0.8,1.6,1.2,4.1,16.3,bouchch01
53,James Bouknight,SG,23,CHO,3,0,18,12.0,22.0,.545,10.0,20.0,.500,2.0,2.0,1.000,0.0,0.0,,2.0,6.0,8.0,0.0,0.0,0.0,2.0,2.0,34.0,bouknja01
54,Jamaree Bouyea,PG,24,POR,6,0,57,3.2,13.3,.238,0.0,5.1,.000,3.2,8.2,.385,0.0,0.0,,1.3,5.1,6.3,5.1,0.0,0.0,5.1,1.9,6.3,bouyeja01
55,Malaki Branham,SG,20,SAS,26,14,578,6.0,13.5,.444,1.7,5.3,.318,4.3,8.2,.527,0.9,0.9,.933,0.4,2.4,2.8,3.9,0.7,0.2,1.9,2.2,14.5,branhma01
56,Christian Braun,SG,22,DEN,29,0,587,5.9,12.3,.478,1.2,3.2,.385,4.7,9.1,.510,2.3,3.0,.755,1.4,5.4,6.8,3.2,0.7,0.6,1.3,3.1,15.3,braunch01
57,Mikal Bridges,SF,27,BRK,27,27,938,8.0,17.5,.457,2.3,6.1,.377,5.7,11.4,.500,4.2,4.9,.852,1.1,4.6,5.6,3.8,1.0,0.5,2.5,1.7,22.5,bridgmi01
58,Miles Bridges,SF,25,CHO,15,13,544,7.3,15.6,.470,1.8,5.4,.333,5.6,10.3,.542,3.0,3.5,.849,0.9,6.0,6.9,2.4,1.4,0.2,1.7,2.2,19.5,bridgmi02
59,Oshae Brissett,SF,25,BOS,13,0,130,3.0,6.9,.440,0.8,3.0,.273,2.2,3.9,.571,2.5,3.9,.643,3.0,5.0,8.0,1.7,1.4,0.0,1.1,3.6,9.4,brissos01
60,Malcolm Brogdon,PG,31,POR,19,10,519,7.4,17.5,.421,2.8,7.1,.388,4.6,10.3,.443,3.0,3.9,.768,1.0,3.6,4.6,7.1,1.0,0.2,2.0,1.7,20.5,brogdma01
61,Armoni Brooks,PG,25,BRK,7,0,64,5.1,15.2,.333,3.9,10.7,.368,1.1,4.5,.250,0.0,0.0,,2.3,4.5,6.8,1.7,0.0,0.6,0.6,0.6,14.1,brookar01
62,Dillon Brooks,SF,28,HOU,25,25,795,5.9,12.3,.483,2.3,5.4,.417,3.7,6.8,.536,2.0,2.4,.830,0.9,3.2,4.0,1.9,1.1,0.0,2.1,4.5,16.1,brookdi01
63,Bruce Brown,SG,27,IND,26,26,800,5.2,11.3,.460,1.2,4.1,.300,4.0,7.3,.549,2.3,2.8,.806,0.9,4.5,5.4,3.4,1.4,0.3,1.4,2.9,13.9,brownbr01
64,Charlie Brown Jr.,SG,26,NYK,1,0,2,0.0,18.0,.000,0.0,18.0,.000,0.0,0.0,,0.0,0.0,,0.0,0.0,0.0,0.0,0.0,0.0,36.0,0.0,0.0,brownch02
65,Greg Brown III,PF,22,DAL,3,0,11,6.5,6.5,1.000,0.0,0.0,,6.5,6.5,1.000,3.3,16.4,.200,3.3,3.3,6.5,3.3,0.0,0.0,3.3,3.3,16.4,browngr01
66,Jaylen Brown,SF,27,BOS,26,26,884,9.4,19.7,.478,2.3,6.8,.333,7.1,12.8,.556,3.0,4.0,.745,0.8,4.3,5.1,4.0,1.1,0.7,2.5,3.0,24.1,brownja02
67,Kobe Brown,PF,24,LAC,17,0,164,3.3,8.8,.375,1.8,5.7,.308,1.5,3.1,.500,0.2,0.4,.500,1.3,5.0,6.4,1.8,0.4,0.7,0.7,6.6,8.6,brownko01
68,Moses Brown,C,24,POR,5,0,35,6.2,12.3,.500,0.0,0.0,,6.2,12.3,.500,0.0,2.1,.000,8.2,10.3,18.5,1.0,1.0,1.0,1.0,2.1,12.3,brownmo01
69,Troy Brown Jr.,SF,24,MIN,22,3,334,4.6,10.0,.462,2.7,6.9,.391,1.9,3.1,.621,1.8,2.2,.850,1.4,4.9,6.3,2.7,0.6,0.2,1.5,1.8,13.8,browntr01
70,Jalen Brunson,PG,27,NYK,27,27,958,9.0,19.1,.472,3.0,6.7,.458,6.0,12.4,.480,4.5,5.7,.801,0.8,3.3,4.1,5.9,1.2,0.1,2.3,2.1,25.6,brunsja01
71,Thomas Bryant,C,26,MIA,18,3,223,6.5,11.6,.556,0.0,0.5,.000,6.5,11.1,.580,2.7,3.2,.850,3.6,7.6,11.1,1.8,1.0,0.8,2.4,3.7,15.7,bryanth01
72,Kobe Bufkin,SG,20,ATL,2,0,4,0.0,27.0,.000,0.0,9.0,.000,0.0,18.0,.000,9.0,18.0,.500,9.0,9.0,18.0,0.0,0.0,0.0,0.0,0.0,9.0,bufkiko01
73,Reggie Bullock,SF,32,HOU,11,0,93,2.7,7.7,.350,2.3,6.6,.353,0.4,1.2,.333,0.4,0.4,1.000,0.8,4.3,5.0,1.2,0.4,0.4,0.8,2.7,8.1,bullore01
74,Alec Burks,SG,32,DET,20,0,359,5.2,15.7,.331,3.2,9.3,.344,2.0,6.4,.313,4.9,5.6,.875,1.0,3.4,4.4,2.9,0.8,0.4,0.8,2.8,18.6,burksal01
75,Jared Butler,SG,23,WAS,13,0,103,6.6,13.3,.500,2.1,6.3,.333,4.5,7.0,.650,3.8,4.5,.846,0.0,3.1,3.1,7.7,2.4,0.3,3.5,4.9,19.2,butleja02
76,Jimmy Butler,PF,34,MIA,23,23,783,7.1,15.3,.462,0.9,2.4,.377,6.2,12.9,.479,7.7,8.7,.879,2.1,3.4,5.5,4.9,1.1,0.4,1.9,1.1,22.8,butleji01
77,Jamal Cain,PF,24,MIA,8,0,113,4.1,9.2,.448,1.3,4.8,.267,2.9,4.5,.643,2.2,3.5,.636,1.6,2.2,3.8,0.3,1.9,0.6,0.6,1.9,11.8,cainja01
78,Kentavious Caldwell-Pope,SG,30,DEN,27,27,880,4.1,8.7,.465,1.6,3.8,.415,2.5,4.9,.504,1.9,2.1,.902,0.5,1.7,2.2,2.8,1.6,0.5,1.2,2.2,11.6,caldwke01
79,Toumani Camara,PF,23,POR,26,17,658,3.8,9.3,.412,1.3,4.3,.304,2.5,5.0,.505,1.4,2.0,.676,2.8,3.9,6.8,1.5,1.4,0.8,1.5,4.1,10.3,camarto01
80,Clint Capela,C,29,ATL,26,26,670,7.0,12.0,.583,0.0,0.0,,7.0,12.0,.583,2.5,3.7,.691,6.9,8.0,14.9,1.6,1.0,2.4,1.1,3.7,16.5,capelca01
81,Jevon Carter,PG,28,CHI,29,0,414,5.2,13.8,.377,3.1,9.0,.350,2.1,4.9,.429,0.0,0.1,.000,0.3,1.4,1.7,3.0,1.3,0.6,1.5,3.0,13.6,carteje01
82,Wendell Carter Jr.,C,24,ORL,6,6,170,4.2,10.4,.408,1.3,3.8,.333,3.0,6.6,.452,1.9,3.4,.563,2.5,7.8,10.4,1.9,0.6,0.4,1.7,3.6,11.6,cartewe01
83,Alex Caruso,SG,29,CHI,23,11,533,5.3,9.7,.549,2.5,5.3,.468,2.8,4.4,.646,1.8,2.3,.765,1.8,3.4,5.3,3.6,1.8,1.3,2.2,3.5,14.9,carusal01
84,Colin Castleton,C,23,LAL,4,0,28,6.4,10.3,.625,0.0,0.0,,6.4,10.3,.625,2.6,2.6,1.000,3.9,5.1,9.0,3.9,0.0,0.0,0.0,6.4,15.4,castlco01
85,Malcolm Cazalon,SG,22,DET,1,0,3,0.0,0.0,,0.0,0.0,,0.0,0.0,,0.0,0.0,,0.0,0.0,0.0,0.0,0.0,0.0,0.0,0.0,0.0,cazalma01
86,Julian Champagnie,SF,22,SAS,19,5,244,4.9,12.7,.384,3.7,9.4,.391,1.2,3.2,.364,1.2,1.6,.727,0.9,3.2,4.1,2.2,1.0,1.8,1.9,2.4,14.6,champju02
87,Max Christie,SG,20,LAL,22,6,362,3.6,9.2,.387,1.3,4.3,.302,2.3,5.0,.460,1.0,1.4,.714,0.3,5.1,5.4,2.2,0.8,0.4,1.5,3.0,9.4,chrisma02
88,Sidy Cissoko,SF,19,SAS,1,0,4,0.0,0.0,,0.0,0.0,,0.0,0.0,,0.0,0.0,,0.0,0.0,0.0,0.0,0.0,0.0,9.0,0.0,0.0,cissosi01
89,Jordan Clarkson,SG,31,UTA,19,19,586,7.1,17.7,.399,1.9,6.5,.295,5.2,11.2,.459,3.4,4.1,.833,1.5,2.5,3.9,5.8,1.0,0.2,3.5,1.7,19.4,clarkjo01
90,Nic Claxton,C,24,BRK,18,18,487,6.9,10.6,.646,0.1,0.1,1.000,6.8,10.6,.643,1.8,2.9,.641,4.2,8.0,12.2,1.8,0.5,3.3,1.2,3.6,15.7,claxtni01
91,Noah Clowney,PF,19,BRK,1,0,3,0.0,0.0,,0.0,0.0,,0.0,0.0,,0.0,0.0,,0.0,12.0,12.0,0.0,0.0,0.0,0.0,0.0,0.0,clownno01
92,Amir Coffey,SF,26,LAC,15,2,171,3.2,8.0,.395,1.5,4.8,.304,1.7,3.2,.533,2.1,2.3,.909,0.8,3.6,4.4,1.9,0.4,0.0,1.3,3.6,9.9,coffeam01
93,John Collins,PF,26,UTA,24,22,726,6.4,13.3,.485,1.8,4.4,.404,4.7,8.9,.525,2.4,3.2,.766,3.0,6.8,9.8,1.0,0.7,1.1,1.8,3.2,17.1,collijo01
94,Zach Collins,C,26,SAS,26,21,701,6.5,13.6,.481,1.5,5.0,.306,5.0,8.5,.584,2.8,3.5,.809,2.7,5.4,8.1,4.5,0.8,0.8,3.3,4.4,17.4,colliza01
95,Mike Conley,PG,36,MIN,26,26,765,4.6,10.1,.458,2.7,6.3,.436,1.9,3.8,.494,1.8,1.9,.951,0.5,3.0,3.4,7.4,1.1,0.1,1.4,2.1,13.8,conlemi01
96,Pat Connaughton,SF,31,MIL,21,0,464,3.3,8.1,.413,1.8,5.4,.333,1.6,2.7,.571,0.7,1.0,.692,1.1,4.5,5.6,3.4,0.9,0.3,1.2,1.7,9.2,connapa01
97,Bilal Coulibaly,SF,19,WAS,25,1,673,4.7,8.9,.521,1.7,4.1,.416,2.9,4.8,.611,1.6,2.5,.638,1.0,4.5,5.5,2.2,1.4,0.9,2.1,2.5,12.6,coulibi01
98,Robert Covington,SF-PF,33,TOT,25,6,432,3.2,7.4,.438,1.6,4.3,.365,1.7,3.1,.541,1.7,2.0,.875,2.4,4.9,7.3,1.7,2.7,1.4,0.8,3.8,9.8,covinro01
98,Robert Covington,PF,33,LAC,3,3,69,1.6,4.7,.333,1.0,4.2,.250,0.5,0.5,1.000,0.5,1.0,.500,1.0,3.1,4.2,3.7,3.1,1.0,0.0,3.7,4.7,covinro01
98,Robert Covington,SF,33,PHI,22,3,363,3.6,7.9,.450,1.7,4.4,.386,1.9,3.6,.528,2.0,2.2,.909,2.7,5.3,7.9,1.3,2.7,1.5,1.0,3.9,10.8,covinro01
99,Torrey Craig,SF,33,CHI,27,7,572,3.7,8.7,.424,1.8,4.8,.382,1.9,4.0,.476,1.1,1.4,.783,3.1,5.0,8.2,1.8,1.1,0.6,1.0,4.3,10.4,craigto01
100,Jae Crowder,PF,33,MIL,9,2,240,3.7,7.0,.532,2.4,4.6,.516,1.4,2.4,.563,1.0,1.8,.583,0.6,4.6,5.2,2.3,1.0,0.5,0.6,2.1,10.9,crowdja01
101,Cade Cunningham,PG,22,DET,27,27,935,8.6,19.8,.434,1.9,5.9,.325,6.7,13.9,.481,4.0,4.5,.881,0.5,3.5,4.0,7.3,1.0,0.3,4.1,2.8,23.1,cunnica01
102,Seth Curry,SG,33,DAL,21,3,251,4.7,11.9,.398,2.7,6.7,.404,2.0,5.2,.389,1.3,1.4,.900,1.4,3.0,4.4,2.7,1.6,0.4,0.9,2.7,13.5,curryse01
103,Stephen Curry,PG,35,GSW,25,25,847,9.3,20.1,.464,5.1,12.4,.416,4.2,7.7,.541,6.2,6.7,.936,0.6,4.4,5.0,4.7,0.8,0.3,3.6,2.0,30.0,curryst01
104,Dyson Daniels,PG,20,NOP,28,13,666,3.7,9.2,.398,1.0,4.1,.253,2.6,5.2,.510,1.1,1.6,.667,1.6,4.9,6.5,4.4,2.2,0.5,1.6,2.7,9.5,daniedy01
105,Anthony Davis,C,30,LAL,26,26,919,9.2,16.9,.546,0.3,0.8,.333,9.0,16.1,.557,5.7,7.1,.811,3.5,9.3,12.8,3.0,1.2,2.6,2.0,2.6,24.5,davisan02
106,Johnny Davis,SG,21,WAS,14,0,128,5.3,11.3,.475,0.3,0.8,.333,5.1,10.4,.486,1.1,1.4,.800,2.3,3.1,5.3,1.4,2.0,0.3,1.4,2.8,12.1,davisjo06
107,Dexter Dennis,SG,24,DAL,2,0,7,10.3,30.9,.333,0.0,15.4,.000,10.3,15.4,.667,0.0,5.1,.000,5.1,5.1,10.3,0.0,0.0,0.0,0.0,0.0,20.6,dennide01
108,DeMar DeRozan,SF,34,CHI,27,27,982,7.7,17.0,.451,0.9,2.6,.357,6.7,14.4,.468,5.9,7.1,.826,0.8,2.9,3.7,5.3,1.1,0.8,1.5,2.2,22.1,derozde01
109,Moussa Diabaté,C,22,LAC,9,0,55,5.9,11.8,.500,0.0,0.0,,5.9,11.8,.500,5.9,7.9,.750,9.2,3.3,12.4,2.6,2.6,0.0,1.3,2.6,17.7,diabamo01
110,Gradey Dick,SG,20,TOR,17,1,227,3.0,10.6,.284,1.7,7.0,.250,1.3,3.6,.348,2.2,2.2,1.000,1.1,2.4,3.5,2.4,0.6,0.0,1.9,3.8,10.0,dickgr01
111,Ousmane Dieng,PF,20,OKC,16,0,183,4.5,10.6,.426,2.4,7.3,.324,2.2,3.3,.647,1.6,2.0,.800,1.4,4.1,5.5,3.1,0.2,0.0,1.2,2.0,13.0,diengou01
112,Spencer Dinwiddie,PG,30,BRK,26,26,827,5.5,13.6,.404,2.4,7.4,.322,3.1,6.1,.504,3.4,4.3,.786,0.6,4.0,4.6,7.7,1.0,0.3,2.0,1.8,16.7,dinwisp01
113,Donte DiVincenzo,SG,27,NYK,27,9,556,5.8,12.8,.455,4.1,9.3,.448,1.7,3.6,.473,1.4,1.9,.724,1.3,3.9,5.2,3.1,1.7,0.5,1.7,2.9,17.2,divindo01
114,Luka Dončić,PG,24,DAL,26,26,962,10.9,22.5,.485,3.7,10.0,.376,7.2,12.6,.571,6.2,8.0,.776,0.8,7.4,8.2,8.9,1.2,0.4,3.9,1.7,31.8,doncilu01
115,Luguentz Dort,SF,24,OKC,24,24,671,4.5,10.0,.446,2.2,5.4,.406,2.3,4.6,.494,2.7,3.3,.820,1.7,3.5,5.2,1.6,1.1,1.0,1.2,3.9,13.8,dortlu01
116,Ayo Dosunmu,SG,24,CHI,27,5,564,4.7,9.8,.484,1.7,4.6,.375,3.0,5.2,.580,1.2,1.7,.731,1.0,2.6,3.6,3.2,1.3,0.4,1.5,3.0,12.4,dosunay01
117,Andre Drummond,C,30,CHI,29,0,385,6.5,12.7,.515,0.0,0.1,.000,6.5,12.6,.519,3.7,6.2,.606,7.6,10.8,18.4,1.5,2.6,0.9,2.7,4.4,16.8,drumman01
118,Chris Duarte,SF,26,SAC,23,5,285,3.7,10.1,.363,1.8,5.9,.298,1.9,4.2,.455,1.8,2.3,.778,0.5,4.3,4.8,2.3,1.5,0.3,1.5,6.1,10.9,duartch01
119,Kris Dunn,PG,29,UTA,20,2,279,5.3,10.7,.494,1.3,3.1,.417,4.0,7.6,.525,0.8,1.3,.600,1.4,4.5,5.9,7.1,1.3,0.3,3.4,4.1,12.6,dunnkr01
120,Kevin Durant,PF,35,PHO,23,23,844,10.6,20.4,.518,2.1,4.6,.467,8.4,15.9,.532,7.1,8.2,.870,0.4,5.6,6.0,5.5,0.8,1.1,3.3,1.8,30.4,duranke01
121,Jalen Duren,C,20,DET,14,13,404,7.1,11.3,.630,0.0,0.2,.000,7.1,11.1,.640,1.4,2.5,.571,4.2,9.4,13.6,3.1,0.7,1.7,3.4,4.3,15.7,durenja01
122,Tari Eason,PF,22,HOU,17,0,357,6.3,13.2,.473,1.5,3.6,.417,4.7,9.6,.495,1.9,2.9,.655,3.4,9.0,12.4,2.1,1.6,1.7,1.7,3.5,15.9,easonta01
123,Anthony Edwards,SG,22,MIN,23,23,782,9.2,20.4,.451,2.6,6.8,.381,6.6,13.6,.486,5.2,6.0,.855,0.7,5.1,5.8,5.4,1.4,0.5,3.2,2.0,26.1,edwaran01
124,Kessler Edwards,SF,23,SAC,21,0,115,4.1,9.7,.419,2.2,5.9,.368,1.9,3.8,.500,0.3,0.6,.500,0.9,4.7,5.6,1.9,0.6,0.6,0.3,2.8,10.6,edwarke02
125,Keon Ellis,SG,24,SAC,19,3,262,4.0,8.9,.446,2.9,7.7,.375,1.1,1.2,.889,1.4,2.1,.667,0.8,3.2,4.0,4.0,1.6,1.2,1.8,3.8,12.2,elliske01
126,Joel Embiid,C,29,PHI,24,24,819,12.4,23.0,.541,1.1,3.4,.333,11.3,19.6,.578,11.0,12.4,.893,3.0,9.4,12.4,6.2,1.2,2.0,4.0,3.1,37.1,embiijo01
127,Drew Eubanks,C,26,PHO,26,0,444,5.5,9.1,.607,0.2,0.2,1.000,5.4,8.9,.600,2.5,3.0,.838,3.0,6.2,9.2,2.5,0.6,2.4,2.5,3.9,13.7,eubandr01
128,Dante Exum,PG,28,DAL,24,8,418,7.0,12.2,.570,1.7,4.0,.426,5.3,8.2,.642,2.1,2.9,.706,1.2,4.7,5.9,4.9,1.1,0.3,1.3,3.0,17.7,exumda01
129,Bruno Fernando,C,25,ATL,7,0,33,8.7,17.5,.500,0.0,1.1,.000,8.7,16.4,.533,4.4,6.5,.667,5.5,7.6,13.1,1.1,0.0,1.1,4.4,5.5,21.8,fernabr01
130,Dorian Finney-Smith,PF,30,BRK,25,17,733,4.7,10.2,.464,2.9,6.8,.435,1.8,3.4,.522,0.3,0.4,.750,2.5,3.7,6.1,1.5,0.8,0.7,1.1,2.8,12.7,finnedo01
131,Malachi Flynn,PG,25,TOR,27,0,440,4.3,10.4,.409,2.0,5.9,.347,2.2,4.5,.491,1.4,1.8,.773,0.8,3.9,4.7,5.3,1.3,0.4,2.3,3.2,11.9,flynnma01
132,Simone Fontecchio,SF,28,UTA,26,13,540,5.1,11.7,.438,3.1,7.9,.387,2.1,3.8,.544,1.4,1.7,.840,1.5,3.5,5.0,2.1,0.8,0.8,1.7,2.7,14.7,fontesi01
133,Jordan Ford,PG,25,SAC,6,0,22,6.5,11.5,.571,3.3,4.9,.667,3.3,6.5,.500,3.3,3.3,1.000,0.0,3.3,3.3,3.3,0.0,0.0,1.6,0.0,19.6,fordjo01
134,Trent Forrest,SG,25,ATL,7,0,61,1.8,8.9,.200,0.0,0.6,.000,1.8,8.3,.214,2.4,2.4,1.000,2.4,2.4,4.7,7.1,1.2,0.0,1.8,3.0,5.9,forretr01
135,Evan Fournier,SG,31,NYK,1,0,16,2.3,13.5,.167,0.0,9.0,.000,2.3,4.5,.500,0.0,0.0,,0.0,2.3,2.3,2.3,2.3,0.0,0.0,4.5,4.5,fournev01
136,De'Aaron Fox,PG,26,SAC,20,20,699,10.8,22.4,.480,3.4,8.5,.400,7.4,13.9,.530,6.0,8.2,.731,0.9,3.6,4.5,6.4,1.6,0.3,2.6,2.9,31.0,foxde01
137,Alex Fudge,SF,20,LAL,4,0,14,2.6,15.4,.167,0.0,5.1,.000,2.6,10.3,.250,5.1,5.1,1.000,5.1,0.0,5.1,0.0,0.0,0.0,2.6,2.6,10.3,fudgeal01
138,Markelle Fultz,PG,25,ORL,5,5,143,6.8,14.1,.482,0.0,0.8,.000,6.8,13.3,.509,0.8,1.0,.750,2.0,2.3,4.3,5.0,1.5,0.5,1.5,1.5,14.3,fultzma01
139,Daniel Gafford,C,25,WAS,23,23,583,6.2,9.0,.692,0.0,0.0,,6.2,9.0,.692,2.6,3.7,.700,4.0,6.9,10.9,2.5,0.8,3.0,1.5,4.9,15.1,gaffoda01
140,Danilo Gallinari,PF,35,WAS,23,0,351,5.5,12.4,.446,1.8,5.9,.310,3.7,6.5,.571,4.3,5.0,.857,1.1,6.1,7.2,3.1,0.6,0.3,1.1,2.5,17.2,gallida01
141,Darius Garland,PG,24,CLE,20,20,680,8.0,17.0,.470,1.9,5.5,.346,6.1,11.5,.530,4.0,4.8,.835,0.6,2.3,2.9,6.2,1.7,0.2,4.0,1.6,21.9,garlada01
142,Luka Garza,C,25,MIN,6,0,18,8.0,24.0,.333,0.0,6.0,.000,8.0,18.0,.444,10.0,16.0,.625,6.0,8.0,14.0,4.0,0.0,0.0,2.0,12.0,26.0,garzalu01
143,Kaiser Gates,SF,27,NOP,1,0,7,0.0,20.6,.000,0.0,10.3,.000,0.0,10.3,.000,0.0,0.0,,0.0,5.1,5.1,0.0,0.0,0.0,0.0,0.0,0.0,gateska01
144,Keyonte George,PG,20,UTA,24,16,618,4.8,13.4,.361,2.3,7.1,.320,2.6,6.3,.407,3.3,4.3,.781,0.7,3.5,4.2,7.0,0.7,0.2,3.2,1.5,15.3,georgke01
145,Paul George,PF,33,LAC,25,25,871,8.2,18.2,.451,3.3,8.4,.392,4.9,9.8,.502,3.9,4.2,.931,0.7,5.2,5.9,4.3,1.8,0.3,2.3,2.9,23.6,georgpa01
146,Taj Gibson,PF,38,NYK,4,0,27,2.7,6.7,.400,0.0,2.7,.000,2.7,4.0,.667,0.0,0.0,,2.7,5.3,8.0,0.0,1.3,2.7,1.3,6.7,5.3,gibsota01
147,Josh Giddey,SG,21,OKC,25,25,641,7.0,16.3,.430,1.1,3.6,.313,5.9,12.7,.463,1.4,1.7,.806,2.3,6.3,8.6,6.1,1.2,0.6,3.4,1.9,16.6,giddejo01
148,Harry Giles,C,25,BRK,7,0,42,12.0,20.6,.583,0.9,4.3,.200,11.1,16.3,.684,4.3,6.0,.714,4.3,4.3,8.6,0.9,0.9,1.7,1.7,4.3,29.1,gilesha01
149,Shai Gilgeous-Alexander,PG,25,OKC,24,24,832,11.5,21.4,.538,1.1,3.3,.325,10.4,18.0,.578,7.8,8.5,.914,0.9,5.0,5.9,6.6,2.9,0.8,2.1,2.6,31.9,gilgesh01
150,Anthony Gill,PF,31,WAS,17,0,115,4.7,10.3,.455,0.0,2.2,.000,4.7,8.1,.577,3.4,4.4,.786,2.8,5.3,8.1,3.1,0.9,1.3,3.1,3.4,12.8,gillan01
151,Collin Gillespie,PG,24,DEN,11,0,86,3.3,8.4,.400,1.3,5.0,.250,2.1,3.3,.625,0.4,0.4,1.000,0.4,1.3,1.7,3.3,2.1,0.0,1.7,4.2,8.4,gilleco01
152,Jacob Gilyard,PG,25,MEM,19,8,299,2.9,7.0,.414,2.5,5.9,.429,0.4,1.1,.333,0.1,0.1,1.000,0.7,1.7,2.4,7.0,1.3,0.1,1.6,2.3,8.4,gilyaja01
153,Rudy Gobert,C,31,MIN,26,26,828,5.3,8.7,.610,0.0,0.0,,5.3,8.7,.610,3.4,5.5,.619,4.1,9.5,13.6,1.4,0.9,2.6,1.7,3.3,14.0,goberru01
154,Jordan Goodwin,PG,25,PHO,27,0,495,4.6,12.0,.382,1.7,5.5,.307,2.9,6.5,.444,1.5,1.7,.870,2.3,5.5,7.9,5.2,1.3,0.6,1.8,2.8,12.3,goodwjo01
155,Aaron Gordon,PF,28,DEN,25,25,800,6.2,12.1,.515,0.5,2.2,.250,5.7,9.9,.573,2.0,3.4,.579,3.2,4.7,7.9,4.1,1.1,0.7,1.6,1.9,14.9,gordoaa01
156,Eric Gordon,SG,35,PHO,23,16,732,5.9,12.9,.458,3.0,7.5,.392,3.0,5.4,.550,0.8,1.0,.810,0.4,1.9,2.3,3.2,1.2,0.6,1.7,1.6,15.6,gordoer01
157,Devonte' Graham,PG,28,SAS,5,0,52,2.8,8.3,.333,1.4,5.5,.250,1.4,2.8,.500,3.5,4.8,.714,0.7,1.4,2.1,11.1,1.4,0.7,1.4,2.1,10.4,grahade01
158,Jerami Grant,PF,29,POR,22,22,779,7.9,17.2,.457,2.6,6.3,.412,5.3,10.9,.483,4.8,5.7,.837,0.7,3.3,4.0,2.4,0.8,0.9,2.4,2.3,23.1,grantje01
159,A.J. Green,SG,24,MIL,19,0,147,5.1,11.8,.438,4.4,10.3,.429,0.7,1.5,.500,0.2,0.2,1.000,0.7,2.9,3.7,3.2,0.0,0.0,0.0,3.7,14.9,greenaj01
160,Danny Green,SG,36,PHI,2,0,18,0.0,4.0,.000,0.0,2.0,.000,0.0,2.0,.000,0.0,0.0,,0.0,4.0,4.0,2.0,2.0,0.0,0.0,2.0,0.0,greenda02
161,Draymond Green,PF,33,GSW,15,15,377,4.9,9.9,.490,1.7,4.0,.429,3.2,5.9,.532,2.4,2.9,.833,2.1,5.8,7.9,8.3,0.6,1.1,3.4,4.3,13.8,greendr01
162,Jalen Green,SG,21,HOU,25,25,775,6.7,16.8,.401,2.3,6.9,.329,4.5,9.9,.451,4.5,5.5,.815,0.4,4.7,5.2,3.7,0.6,0.5,2.6,1.7,20.3,greenja05
163,Jeff Green,PF,37,HOU,24,0,377,5.1,8.9,.570,0.9,2.6,.333,4.2,6.3,.667,5.4,6.5,.838,1.8,3.2,5.1,1.6,0.4,1.0,1.7,3.3,16.4,greenje02
164,Josh Green,SG,23,DAL,18,5,454,3.6,8.6,.422,1.8,5.0,.365,1.8,3.6,.500,0.7,1.3,.529,0.8,3.3,4.1,3.4,1.3,0.2,1.3,2.5,9.8,greenjo02
165,AJ Griffin,SF,20,ATL,12,0,110,3.3,11.1,.294,2.6,8.2,.320,0.7,2.9,.222,0.7,0.7,1.000,0.7,3.3,3.9,1.3,0.3,0.0,1.3,2.0,9.8,griffaj01
166,Quentin Grimes,SG,23,NYK,25,18,541,3.9,10.3,.381,2.9,8.0,.367,1.0,2.3,.429,0.1,0.3,.400,0.4,1.8,2.2,1.9,1.1,0.1,0.8,2.7,10.9,grimequ01
167,Mouhamed Gueye,PF,21,ATL,2,0,4,0.0,9.0,.000,0.0,9.0,.000,0.0,0.0,,0.0,0.0,,0.0,0.0,0.0,0.0,9.0,0.0,0.0,9.0,0.0,gueyemo02
168,Rui Hachimura,PF,25,LAL,19,2,442,6.7,13.8,.482,1.7,4.5,.382,5.0,9.4,.530,2.3,2.9,.778,1.4,4.4,5.8,1.9,1.1,0.4,1.3,2.4,17.3,hachiru01
169,Tyrese Haliburton,PG,23,IND,23,23,769,9.3,18.4,.504,3.8,8.9,.424,5.5,9.5,.579,4.2,4.8,.874,0.7,3.6,4.3,12.9,0.9,0.7,2.9,1.2,26.5,halibty01
170,R.J. Hampton,PG,22,MIA,2,0,11,3.3,6.5,.500,3.3,3.3,1.000,0.0,3.3,.000,0.0,0.0,,0.0,6.5,6.5,0.0,0.0,0.0,3.3,3.3,9.8,hamptrj01
171,Tim Hardaway Jr.,SF,31,DAL,24,0,690,7.4,18.1,.409,4.2,11.7,.362,3.2,6.4,.496,2.8,3.1,.883,0.5,3.9,4.3,1.9,0.5,0.0,1.1,1.5,21.8,hardati02
172,James Harden,SG,34,LAC,22,22,741,5.3,11.3,.474,2.8,6.5,.429,2.6,4.8,.535,4.9,5.6,.870,0.3,4.6,5.0,8.3,1.5,0.9,2.5,2.3,18.3,hardeja01
173,Jaden Hardy,SG,21,DAL,23,0,303,6.9,17.6,.392,3.1,8.2,.377,3.8,9.4,.405,2.3,3.4,.655,1.0,3.7,4.6,4.0,0.8,0.0,2.0,3.1,19.1,hardyja02
174,Ron Harper Jr.,PF,23,TOR,1,0,4,0.0,0.0,,0.0,0.0,,0.0,0.0,,0.0,0.0,,0.0,0.0,0.0,9.0,0.0,0.0,0.0,18.0,0.0,harpero02
175,Gary Harris,SG,29,ORL,21,3,454,3.8,9.0,.421,2.1,6.5,.329,1.7,2.5,.656,1.5,1.9,.792,1.0,2.1,3.0,2.9,1.5,0.4,0.7,2.7,11.3,harriga01
176,Joe Harris,SG,32,DET,11,0,132,2.7,8.5,.323,1.9,6.5,.292,0.8,1.9,.429,0.3,0.5,.500,0.8,1.9,2.7,2.5,0.8,0.5,0.8,4.1,7.6,harrijo01
177,Tobias Harris,PF,31,PHI,27,27,910,6.4,12.5,.513,1.1,3.1,.342,5.3,9.4,.570,3.2,3.6,.900,1.0,5.4,6.4,2.8,1.0,0.5,1.8,1.8,17.1,harrito02
178,Shaquille Harrison,SG,30,MEM,3,0,6,6.0,12.0,.500,0.0,0.0,,6.0,12.0,.500,0.0,0.0,,0.0,12.0,12.0,0.0,0.0,6.0,0.0,0.0,12.0,harrish01
179,Josh Hart,SF,28,NYK,27,5,748,3.9,8.6,.461,1.3,3.8,.359,2.6,4.8,.540,0.9,1.1,.783,1.4,6.2,7.6,3.6,1.2,0.3,1.3,2.5,10.1,hartjo01
180,Isaiah Hartenstein,C,25,NYK,27,1,555,4.1,6.9,.589,0.1,0.2,.333,4.0,6.7,.596,2.1,3.3,.647,5.3,6.2,11.4,2.4,1.5,1.7,1.6,4.8,10.4,harteis01
181,Sam Hauser,SF,26,BOS,27,3,620,4.9,10.6,.462,3.9,9.1,.433,0.9,1.5,.640,0.5,0.6,.800,1.4,4.1,5.5,1.5,0.9,0.5,0.8,2.4,14.2,hausesa01
182,Jordan Hawkins,SG,21,NOP,26,9,632,5.3,13.9,.381,3.2,9.1,.356,2.1,4.8,.429,2.3,2.6,.870,1.0,3.9,4.8,2.2,0.6,0.0,1.3,2.5,16.1,hawkijo01
183,Jaxson Hayes,C,23,LAL,25,1,271,4.3,6.4,.667,0.0,0.5,.000,4.3,5.8,.727,1.9,3.3,.560,1.7,4.8,6.5,1.1,0.8,1.3,2.0,6.6,10.4,hayesja02
184,Killian Hayes,PG,22,DET,25,21,660,5.0,11.7,.425,1.0,3.2,.305,4.0,8.5,.471,1.5,2.2,.700,0.5,3.7,4.2,6.0,1.4,0.8,1.5,2.6,12.4,hayeski01
185,Gordon Hayward,SF,33,CHO,23,23,743,6.4,13.7,.468,1.1,2.9,.373,5.3,10.8,.493,2.9,3.8,.759,1.2,4.1,5.3,5.2,1.3,0.5,2.2,2.0,16.8,haywago01
186,Scoot Henderson,PG,19,POR,17,5,447,5.8,15.5,.373,1.3,5.5,.235,4.5,10.1,.448,2.3,3.0,.784,1.0,2.7,3.7,6.0,0.6,0.3,4.4,5.2,15.2,hendesc01
187,Taylor Hendricks,PF,20,UTA,9,0,156,4.2,10.8,.383,2.1,6.5,.321,2.1,4.4,.474,1.4,1.8,.750,1.8,3.5,5.3,1.2,1.8,1.2,1.6,2.5,11.8,hendrita01
188,Tyler Herro,SG,24,MIA,10,10,341,9.3,19.7,.471,3.2,7.6,.417,6.1,12.1,.504,3.2,3.5,.909,0.5,4.9,5.4,4.9,1.4,0.0,2.7,1.6,24.9,herroty01
189,Buddy Hield,SF,31,IND,26,14,668,6.7,15.0,.450,3.9,10.2,.381,2.9,4.8,.596,0.9,1.1,.850,1.0,3.2,4.3,3.7,1.1,1.0,2.2,2.6,18.3,hieldbu01
190,Haywood Highsmith,PF,27,MIA,18,14,390,3.8,8.9,.427,1.8,5.4,.339,1.9,3.4,.568,1.1,1.5,.750,1.4,3.1,4.5,2.5,1.8,1.1,1.6,3.6,10.5,highsha01
191,Nate Hinton,SG,24,HOU,4,0,16,6.8,13.5,.500,6.8,6.8,1.000,0.0,6.8,.000,0.0,0.0,,2.3,4.5,6.8,0.0,0.0,0.0,0.0,4.5,20.3,hintona01
192,D'Moi Hodge,SG,25,LAL,7,0,41,4.4,13.2,.333,2.6,10.5,.250,1.8,2.6,.667,0.9,1.8,.500,0.0,0.0,0.0,4.4,0.9,0.9,0.9,3.5,12.3,hodgedm01
193,Aaron Holiday,PG,27,HOU,23,1,420,5.2,11.5,.455,2.6,6.0,.429,2.7,5.5,.484,1.1,1.3,.867,0.6,3.1,3.7,3.4,0.9,0.3,1.1,3.8,14.1,holidaa01
194,Jrue Holiday,PG,33,BOS,25,25,863,5.0,11.3,.448,1.9,4.7,.398,3.2,6.5,.484,1.2,1.4,.853,1.7,5.3,7.0,4.9,1.0,0.9,2.1,1.9,13.2,holidjr01
195,Justin Holiday,SG,34,DEN,16,6,260,4.0,7.6,.527,2.5,5.3,.474,1.5,2.4,.647,0.0,0.0,,0.6,2.9,3.5,2.8,1.5,0.1,0.7,3.0,10.5,holidju01
196,Richaun Holmes,C,30,DAL,14,1,140,3.9,8.5,.455,0.0,0.0,,3.9,8.5,.455,1.8,3.9,.467,5.1,8.0,13.1,1.8,0.3,1.5,2.3,5.1,9.5,holmeri01
197,Chet Holmgren,C,21,OKC,25,25,743,7.4,14.1,.521,1.8,4.9,.373,5.5,9.2,.600,3.9,4.5,.871,2.1,7.6,9.7,2.9,1.0,3.4,2.3,3.4,20.5,holmgch01
198,Jalen Hood-Schifino,SG,20,LAL,5,0,52,2.8,12.5,.222,0.7,5.5,.125,2.1,6.9,.300,3.5,6.9,.500,0.7,3.5,4.2,2.8,0.0,0.7,2.8,4.8,9.7,hoodsja01
199,Al Horford,C,37,BOS,23,9,613,3.9,8.3,.472,1.9,5.2,.364,2.1,3.2,.648,0.6,0.6,1.000,2.3,7.3,9.6,3.8,0.6,1.3,1.3,2.2,10.3,horfoal01
200,Talen Horton-Tucker,PG,23,UTA,28,11,641,6.7,16.1,.416,2.1,6.1,.339,4.6,9.9,.463,2.4,3.0,.811,0.7,3.5,4.2,7.1,1.7,0.6,2.9,3.4,17.9,hortota01
201,Danuel House Jr.,SF,30,PHI,16,0,187,4.0,9.2,.438,2.1,5.2,.407,1.9,4.0,.476,2.1,2.7,.786,1.3,2.7,4.0,2.7,1.0,0.2,1.7,2.5,12.3,houseda01
202,Caleb Houstan,SF,21,ORL,17,0,173,4.2,10.0,.417,3.5,9.2,.386,0.6,0.8,.750,1.5,1.5,1.000,1.2,4.0,5.2,1.5,0.4,0.0,0.6,2.7,13.3,houstca01
203,Jett Howard,SF,20,ORL,8,0,34,4.2,15.9,.267,2.1,11.6,.182,2.1,4.2,.500,1.1,2.1,.500,1.1,3.2,4.2,3.2,0.0,0.0,2.1,1.1,11.6,howarje01
204,Kevin Huerter,SG,25,SAC,25,25,637,5.8,13.4,.435,3.0,8.3,.363,2.8,5.1,.549,1.0,1.2,.773,0.8,5.0,5.8,3.8,1.0,0.5,1.0,3.3,15.6,huertke01
205,Jay Huff,C,25,DEN,2,0,2,18.0,18.0,1.000,0.0,0.0,,18.0,18.0,1.000,0.0,0.0,,0.0,0.0,0.0,0.0,0.0,0.0,0.0,0.0,36.0,huffja01
206,De'Andre Hunter,SF,26,ATL,24,24,727,6.0,13.1,.460,2.3,5.6,.404,3.8,7.5,.503,3.4,3.7,.907,0.7,4.1,4.9,1.6,1.0,0.4,1.8,3.6,17.7,huntede01
207,Bones Hyland,PG,23,LAC,13,2,210,6.7,16.5,.406,3.3,8.9,.365,3.4,7.5,.455,1.5,1.7,.900,0.3,2.2,2.6,4.3,1.2,0.0,3.3,3.8,18.2,hylanbo01
208,Joe Ingles,SF,36,ORL,24,0,437,3.1,7.7,.404,2.0,4.9,.407,1.2,2.9,.400,1.4,1.6,.895,0.9,4.5,5.4,6.8,1.5,0.2,1.6,3.0,9.6,inglejo01
209,Brandon Ingram,SF,26,NOP,25,25,839,9.6,19.1,.501,1.5,4.4,.330,8.1,14.7,.553,4.6,5.7,.812,0.6,4.5,5.1,5.7,0.8,0.2,3.0,2.3,25.2,ingrabr01
210,Kyrie Irving,SG,31,DAL,17,17,541,9.7,20.6,.471,2.9,7.5,.384,6.9,13.2,.520,3.7,4.1,.903,0.7,3.8,4.5,5.9,1.3,0.3,1.5,2.1,26.0,irvinky01
211,Jonathan Isaac,PF,26,ORL,19,0,259,6.1,13.3,.458,1.8,6.4,.283,4.3,6.9,.620,3.5,4.3,.806,2.9,8.3,11.3,0.8,2.4,2.8,1.5,3.5,17.5,isaacjo01
212,Jaden Ivey,SG,21,DET,23,7,554,6.2,13.7,.450,1.3,4.7,.278,4.9,9.0,.540,3.7,4.7,.781,1.2,3.3,4.5,4.0,1.0,0.6,2.9,3.9,17.4,iveyja01
213,Andre Jackson Jr.,SG,22,MIL,21,5,221,4.1,6.8,.595,1.8,3.7,.478,2.3,3.1,.737,0.2,0.3,.500,2.9,3.4,6.4,3.3,1.0,0.0,1.8,6.5,10.1,jacksan01
214,Gregory Jackson II,PF,19,MEM,4,0,19,5.7,18.9,.300,3.8,9.5,.400,1.9,9.5,.200,0.0,0.0,,1.9,3.8,5.7,0.0,1.9,1.9,1.9,3.8,15.2,jacksgg01
215,Isaiah Jackson,C,22,IND,18,1,266,7.8,11.6,.674,0.0,0.3,.000,7.8,11.4,.690,3.4,4.9,.694,3.9,7.2,11.1,2.6,1.5,3.7,1.4,7.0,19.1,jacksis01
216,Jaren Jackson Jr.,C,24,MEM,26,26,818,8.3,18.6,.447,1.8,5.9,.313,6.5,12.7,.509,6.1,7.4,.827,1.7,4.8,6.5,1.9,0.8,2.1,2.2,4.1,24.6,jacksja02
217,Reggie Jackson,PG,33,DEN,29,14,739,7.6,15.3,.494,2.3,5.9,.397,5.2,9.4,.554,1.5,2.0,.714,0.5,2.6,3.1,6.4,0.9,0.3,2.1,2.9,18.9,jacksre01
218,Trayce Jackson-Davis,PF,23,GSW,16,0,161,5.6,9.4,.595,0.0,0.0,,5.6,9.4,.595,3.8,6.0,.630,5.1,5.4,10.5,2.2,1.1,2.7,2.0,5.4,15.0,jackstr02
219,LeBron James,PF,39,LAL,26,26,886,10.0,18.4,.540,2.4,6.0,.392,7.6,12.4,.611,4.3,6.0,.723,1.1,7.1,8.2,7.7,1.6,0.7,3.6,1.1,26.6,jamesle01
220,Jaime Jaquez Jr.,SF,22,MIA,28,5,791,6.4,12.7,.505,1.4,3.8,.373,5.0,8.9,.561,2.2,2.6,.842,1.4,3.2,4.6,3.4,1.3,0.4,2.1,3.0,16.4,jaqueja01
221,DaQuan Jeffries,SG,26,NYK,10,0,30,6.0,14.4,.417,1.2,6.0,.200,4.8,8.4,.571,0.0,2.4,.000,0.0,6.0,6.0,2.4,0.0,0.0,1.2,2.4,13.2,jeffrda01
222,Ty Jerome,SG,26,CLE,2,0,15,4.8,9.6,.500,0.0,2.4,.000,4.8,7.2,.667,0.0,0.0,,2.4,0.0,2.4,7.2,0.0,0.0,2.4,4.8,9.6,jeromty01
223,Isaiah Joe,SG,24,OKC,25,0,509,5.5,12.6,.438,4.2,9.8,.424,1.3,2.8,.487,1.9,2.3,.844,0.2,3.8,4.0,2.1,1.5,0.6,0.9,2.1,17.1,joeis01
224,Cameron Johnson,PF,27,BRK,20,20,577,6.6,14.6,.453,3.1,7.7,.395,3.6,6.9,.518,1.5,1.9,.800,1.9,4.7,6.6,3.2,0.9,0.2,1.4,2.3,17.8,johnsca02
225,Jalen Johnson,SF,22,ATL,15,12,449,6.8,11.5,.594,1.4,3.2,.425,5.5,8.3,.660,2.0,2.6,.758,1.6,7.1,8.7,2.9,1.4,1.2,2.4,2.6,17.0,johnsja05
226,James Johnson,PF,36,IND,3,0,16,2.3,4.5,.500,0.0,0.0,,2.3,4.5,.500,0.0,0.0,,2.3,4.5,6.8,9.0,2.3,0.0,2.3,4.5,4.5,johnsja01
227,Keldon Johnson,SF,24,SAS,25,25,827,7.0,14.7,.473,2.1,6.0,.358,4.8,8.7,.552,3.0,3.8,.782,1.4,5.7,7.1,4.4,1.0,0.3,1.9,2.7,19.0,johnske04
228,Keyontae Johnson,SF,23,OKC,1,0,6,0.0,6.0,.000,0.0,0.0,,0.0,6.0,.000,0.0,0.0,,0.0,0.0,0.0,0.0,0.0,0.0,0.0,0.0,0.0,johnske08
229,Nikola Jokić,C,28,DEN,28,28,938,11.1,20.5,.539,1.3,4.0,.320,9.8,16.5,.592,5.1,6.5,.787,3.6,9.7,13.3,10.0,1.3,0.8,2.8,2.7,28.5,jokicni01
230,Colby Jones,SG,21,SAC,11,0,75,6.7,14.9,.452,0.5,3.8,.125,6.2,11.0,.565,1.0,1.4,.667,3.4,3.8,7.2,1.0,1.0,0.5,1.9,5.3,14.9,jonesco02
231,Damian Jones,C,28,CLE,11,0,54,2.7,5.3,.500,0.0,0.0,,2.7,5.3,.500,0.7,1.3,.500,2.7,4.7,7.3,2.0,0.7,1.3,2.7,2.7,6.0,jonesda03
232,Derrick Jones Jr.,SF,26,DAL,26,25,642,5.3,11.1,.480,2.3,6.4,.360,3.0,4.7,.643,1.9,2.4,.767,1.7,3.5,5.2,1.6,1.2,1.2,1.2,2.3,14.8,jonesde02
233,Herbert Jones,SF,25,NOP,25,25,751,4.6,9.5,.477,1.3,4.0,.321,3.3,5.5,.591,3.0,3.5,.861,1.4,3.5,4.9,3.3,1.9,1.3,1.7,4.0,13.4,joneshe01
234,Tre Jones,PG,24,SAS,22,0,515,4.8,10.5,.453,0.8,3.2,.261,3.9,7.3,.538,1.9,2.2,.844,0.7,3.2,3.9,7.8,1.2,0.3,2.0,1.9,12.2,jonestr01
235,Tyus Jones,PG,27,WAS,26,26,711,6.6,12.5,.526,1.7,4.3,.388,4.9,8.2,.599,0.7,0.9,.765,0.3,3.6,3.9,7.2,1.6,0.4,1.0,1.0,15.5,jonesty01
236,DeAndre Jordan,C,35,DEN,11,1,153,5.2,8.9,.579,0.0,0.0,,5.2,8.9,.579,2.6,7.3,.355,4.9,8.5,13.4,2.8,0.9,1.2,2.6,4.7,12.9,jordade01
237,Cory Joseph,PG,32,GSW,12,0,127,2.6,8.8,.290,1.1,5.7,.200,1.4,3.1,.455,1.1,2.0,.571,0.6,2.6,3.1,6.8,0.9,0.6,1.4,2.8,7.4,josepco01
238,Nikola Jović,PF,20,MIA,4,1,48,3.0,9.0,.333,2.3,5.2,.429,0.7,3.7,.200,2.3,3.0,.750,0.7,16.5,17.2,6.8,0.7,0.0,3.7,6.8,10.5,jovicni01
239,Johnny Juzang,SG,22,UTA,1,0,4,0.0,18.0,.000,0.0,18.0,.000,0.0,0.0,,0.0,0.0,,0.0,0.0,0.0,9.0,0.0,0.0,0.0,0.0,0.0,juzanjo01
240,Luke Kennard,SG,27,MEM,8,0,172,4.4,12.1,.362,3.6,9.6,.370,0.8,2.5,.333,1.5,1.5,1.000,0.6,4.2,4.8,3.3,1.0,0.2,1.0,0.8,13.8,kennalu01
241,Walker Kessler,C,22,UTA,20,12,507,5.7,9.8,.580,0.1,0.9,.154,5.5,8.9,.624,1.1,2.1,.533,4.3,7.4,11.6,1.3,0.6,3.8,1.8,3.0,12.6,kesslwa01
242,Braxton Key,SF,26,DEN,6,0,15,2.4,12.0,.200,0.0,4.8,.000,2.4,7.2,.333,2.4,4.8,.500,0.0,7.2,7.2,12.0,0.0,0.0,0.0,7.2,7.2,keybr01
243,Corey Kispert,SF,24,WAS,25,1,576,5.9,13.0,.452,3.2,8.4,.381,2.7,4.6,.581,2.3,3.1,.740,0.6,3.1,3.7,2.4,0.6,0.2,1.6,2.9,17.2,kispeco01
244,Maxi Kleber,C,32,DAL,5,1,90,1.6,6.4,.250,1.2,3.6,.333,0.4,2.8,.143,2.4,4.0,.600,1.6,6.8,8.4,4.0,0.4,0.4,1.6,3.2,6.8,klebima01
245,Kevin Knox,SF,24,DET,10,2,150,5.5,11.5,.479,2.4,6.2,.385,3.1,5.3,.591,1.0,1.2,.800,1.2,4.6,5.8,1.2,1.2,0.5,2.2,3.4,14.4,knoxke01
246,John Konchar,SF,27,MEM,21,2,374,2.3,6.5,.353,1.3,4.2,.318,1.0,2.3,.417,0.6,0.8,.750,2.1,6.1,8.2,2.8,1.5,1.3,1.1,2.3,6.5,konchjo01
247,Furkan Korkmaz,SG,26,PHI,19,0,130,3.3,9.7,.343,1.4,5.3,.263,1.9,4.4,.438,1.9,2.5,.778,0.3,2.2,2.5,2.8,2.8,0.0,1.9,2.5,10.0,korkmfu01
248,Luke Kornet,C,28,BOS,17,0,220,5.2,7.0,.744,0.0,0.0,,5.2,7.0,.744,1.6,2.0,.833,4.1,5.1,9.2,1.6,1.3,2.1,1.0,3.1,12.1,kornelu01
249,Jonathan Kuminga,PF,21,GSW,26,5,548,7.8,15.8,.492,1.3,4.1,.317,6.4,11.6,.554,3.9,6.1,.645,2.0,4.3,6.3,1.6,1.1,0.5,2.2,4.1,20.8,kuminjo01
250,Kyle Kuzma,PF,28,WAS,26,26,808,10.4,22.1,.471,2.8,7.6,.363,7.7,14.5,.528,3.3,4.2,.779,1.0,6.0,7.0,4.9,0.4,0.8,2.8,2.4,26.9,kuzmaky01
251,Jock Landale,C,28,HOU,16,0,136,2.6,7.4,.357,0.5,2.6,.200,2.1,4.8,.444,1.1,1.1,1.000,3.2,4.2,7.4,2.1,1.3,0.8,2.1,3.4,6.9,landajo01
252,Jake LaRavia,PF,22,MEM,8,0,99,4.0,11.6,.344,1.1,7.3,.150,2.9,4.4,.667,0.4,0.7,.500,1.8,2.2,4.0,1.8,0.4,0.0,1.5,5.5,9.5,laravja01
253,Zach LaVine,SG,28,CHI,18,18,635,7.5,16.9,.443,2.4,7.3,.336,5.0,9.6,.524,4.0,4.6,.866,0.3,4.6,5.0,3.5,1.0,0.2,2.0,2.1,21.4,lavinza01
254,A.J. Lawson,SG,23,DAL,10,0,68,6.4,14.8,.429,2.1,8.5,.250,4.2,6.4,.667,1.6,3.2,.500,1.6,1.6,3.2,1.6,0.0,0.5,1.1,2.1,16.4,lawsoaj01
255,Saben Lee,PG,24,PHO,4,0,11,13.1,22.9,.571,0.0,3.3,.000,13.1,19.6,.667,6.5,6.5,1.000,6.5,3.3,9.8,9.8,0.0,3.3,0.0,3.3,32.7,leesa01
256,Alex Len,C,30,SAC,6,0,41,5.3,7.0,.750,0.0,0.9,.000,5.3,6.1,.857,2.6,6.1,.429,6.1,7.9,14.0,4.4,0.9,4.4,1.8,1.8,13.2,lenal01
257,Kawhi Leonard,SF,32,LAC,27,27,932,9.4,18.1,.521,2.4,5.7,.429,7.0,12.4,.564,4.1,4.7,.877,1.1,5.1,6.2,3.7,1.6,0.7,1.5,1.5,25.4,leonaka01
258,Caris LeVert,SG,29,CLE,21,1,623,6.8,16.4,.417,2.1,6.6,.325,4.7,9.8,.479,2.9,3.9,.750,0.6,3.9,4.6,4.5,1.3,0.5,1.8,2.1,18.7,leverca01
259,Kira Lewis Jr.,PG,22,NOP,13,0,131,4.1,12.9,.319,0.5,4.7,.118,3.6,8.2,.433,2.2,2.5,.889,0.8,2.2,3.0,4.9,1.4,0.3,1.6,2.2,11.0,lewiski01
260,Maxwell Lewis,SF,21,LAL,12,0,53,0.7,6.1,.111,0.7,2.0,.333,0.0,4.1,.000,0.0,0.0,,0.7,1.4,2.0,2.0,1.4,0.0,3.4,1.4,2.0,lewisma05
261,E.J. Liddell,PF,23,NOP,3,0,9,4.0,16.0,.250,0.0,12.0,.000,4.0,4.0,1.000,8.0,8.0,1.000,0.0,8.0,8.0,0.0,0.0,4.0,4.0,4.0,16.0,liddeej01
262,Damian Lillard,PG,33,MIL,25,25,884,7.8,17.7,.441,3.3,8.9,.374,4.5,8.8,.509,7.8,8.5,.919,0.6,4.0,4.6,7.1,1.1,0.2,2.8,1.6,26.8,lillada01
263,Nassir Little,PF,23,PHO,20,2,324,4.2,8.6,.494,1.8,4.9,.364,2.4,3.7,.667,1.7,2.0,.833,1.6,4.4,6.0,1.8,1.0,0.9,1.0,2.9,11.9,littlna01
264,Dereck Lively II,C,19,DAL,23,22,582,5.8,7.9,.734,0.0,0.1,.000,5.8,7.8,.746,1.1,1.8,.586,4.1,6.9,11.0,1.6,0.9,2.2,1.7,4.3,12.7,livelde01
265,Isaiah Livers,PF,25,DET,13,1,266,2.8,10.0,.284,1.6,6.6,.245,1.2,3.4,.360,1.1,1.5,.727,0.8,3.0,3.8,2.0,1.1,0.3,1.4,2.8,8.4,liveris01
266,Chris Livingston,SF,20,MIL,5,0,21,5.1,6.9,.750,1.7,1.7,1.000,3.4,5.1,.667,0.0,0.0,,1.7,6.9,8.6,1.7,1.7,0.0,1.7,3.4,12.0,livinch01
267,Kenneth Lofton Jr.,PF,21,MEM,15,0,99,5.1,13.5,.378,1.1,3.6,.300,4.0,9.8,.407,2.9,5.5,.533,0.7,4.7,5.5,5.1,1.1,1.1,2.2,5.5,14.2,loftoke01
268,Kevon Looney,C,27,GSW,27,24,588,3.7,6.7,.560,0.0,0.0,,3.7,6.7,.560,1.4,2.0,.697,4.3,8.8,13.1,4.4,1.2,0.5,1.4,4.0,8.9,looneke01
269,Brook Lopez,C,35,MIL,27,27,829,5.8,11.8,.491,2.0,6.0,.338,3.7,5.7,.652,2.0,2.4,.818,1.8,3.9,5.6,1.7,0.9,3.6,1.0,3.2,15.5,lopezbr01
270,Robin Lopez,C,35,MIL,7,0,21,1.7,6.9,.250,1.7,5.1,.333,0.0,1.7,.000,3.4,3.4,1.000,0.0,1.7,1.7,3.4,0.0,1.7,1.7,5.1,8.6,lopezro01
271,Kevin Love,PF,35,MIA,21,5,404,5.7,13.4,.427,3.7,9.9,.369,2.0,3.5,.590,2.9,3.5,.821,1.7,11.2,12.9,4.7,0.8,0.2,1.2,3.5,17.9,loveke01
272,Kyle Lowry,PG,37,MIA,26,26,764,3.9,8.6,.451,2.6,5.9,.440,1.3,2.7,.474,1.4,1.6,.829,0.9,3.8,4.7,5.1,1.4,0.4,1.6,3.3,11.7,lowryky01
273,Seth Lundy,SF,23,ATL,2,0,10,3.6,7.2,.500,0.0,3.6,.000,3.6,3.6,1.000,0.0,0.0,,0.0,3.6,3.6,0.0,0.0,0.0,0.0,10.8,7.2,lundyse01
274,Trey Lyles,PF,28,SAC,13,0,260,4.0,9.8,.408,2.4,7.5,.315,1.7,2.4,.706,1.7,2.6,.632,1.7,8.2,9.8,2.6,0.1,0.7,1.2,3.3,12.0,lylestr01
275,Théo Maledon,PG,22,CHO,13,1,200,3.4,11.9,.288,0.9,5.4,.167,2.5,6.5,.389,2.0,2.2,.917,0.7,3.4,4.1,5.0,1.3,0.0,2.7,3.2,9.7,maledth01
276,Sandro Mamukelashvili,C,24,SAS,11,0,84,3.9,10.7,.360,1.7,6.4,.267,2.1,4.3,.500,2.1,2.6,.833,3.0,6.4,9.4,5.6,1.3,1.3,2.6,4.3,11.6,mamuksa01
277,Terance Mann,SG,27,LAC,21,17,559,3.6,8.4,.431,0.9,3.9,.233,2.7,4.5,.600,1.0,1.4,.682,1.5,3.3,4.8,2.8,0.9,0.5,0.9,2.4,9.1,mannte01
278,Tre Mann,PG,22,OKC,9,0,92,6.3,12.5,.500,2.0,5.1,.385,4.3,7.4,.579,0.4,0.4,1.000,1.2,5.5,6.7,5.5,1.2,0.0,3.1,1.2,14.9,manntr01
279,Boban Marjanović,C,35,HOU,3,0,20,9.0,16.2,.556,0.0,1.8,.000,9.0,14.4,.625,0.0,1.8,.000,3.6,10.8,14.4,5.4,0.0,1.8,0.0,3.6,18.0,marjabo01
280,Lauri Markkanen,PF,26,UTA,19,19,629,8.6,17.7,.484,3.4,8.9,.381,5.2,8.9,.587,4.8,5.7,.848,2.3,7.0,9.3,1.4,1.0,0.8,1.4,2.4,25.4,markkla01
281,Naji Marshall,SF,26,NOP,19,0,380,4.9,10.9,.452,2.3,5.2,.436,2.7,5.7,.467,2.8,3.5,.811,2.0,5.6,7.6,4.4,1.4,0.5,2.2,2.5,15.0,marshna01
282,Caleb Martin,SF,28,MIA,18,8,485,6.0,13.6,.443,1.7,4.6,.371,4.3,9.0,.479,1.7,2.5,.676,1.7,4.8,6.5,3.1,1.1,0.3,1.9,3.0,15.4,martica02
283,KJ Martin,SF,23,TOT,16,0,112,4.2,9.0,.464,0.3,1.9,.167,3.9,7.1,.545,1.3,2.6,.500,1.6,3.5,5.1,2.9,2.6,0.3,1.6,5.5,10.0,martike04
283,KJ Martin,SF,23,LAC,2,0,31,4.6,11.6,.400,1.2,5.8,.200,3.5,5.8,.600,1.2,2.3,.500,1.2,2.3,3.5,1.2,2.3,1.2,2.3,3.5,11.6,martike04
283,KJ Martin,SF,23,PHI,14,0,81,4.0,8.0,.500,0.0,0.4,.000,4.0,7.6,.529,1.3,2.7,.500,1.8,4.0,5.8,3.6,2.7,0.0,1.3,6.2,9.3,martike04
284,Garrison Mathews,SG,27,ATL,15,1,164,3.3,7.0,.469,3.3,7.0,.469,0.0,0.0,,0.0,0.2,.000,0.7,2.9,3.5,0.4,1.1,0.4,1.3,4.8,9.9,mathega01
285,Bennedict Mathurin,SF,21,IND,26,12,664,7.1,15.7,.452,1.9,4.9,.389,5.2,10.8,.480,4.0,4.7,.849,1.6,3.7,5.3,3.0,0.9,0.3,2.1,2.9,20.1,mathube01
286,Wesley Matthews,SG,37,ATL,16,1,192,1.9,7.1,.263,1.1,5.4,.207,0.7,1.7,.444,2.6,3.6,.737,0.7,3.7,4.5,2.1,1.7,0.4,0.9,4.3,7.5,matthwe02
287,Tyrese Maxey,PG,23,PHI,26,26,962,8.7,18.9,.462,3.2,8.0,.400,5.5,10.8,.509,4.8,5.3,.901,0.6,3.2,3.7,6.5,0.8,0.5,1.5,1.9,25.4,maxeyty01
288,Skylar Mays,PG,26,POR,15,5,290,5.3,13.2,.406,1.5,5.1,.293,3.8,8.1,.477,1.4,1.6,.846,0.6,2.5,3.1,8.4,1.5,0.2,1.9,2.4,13.5,mayssk01
289,Miles McBride,PG,23,NYK,17,0,81,5.8,11.6,.500,3.1,7.6,.412,2.7,4.0,.667,0.4,0.9,.500,0.4,1.3,1.8,3.6,2.7,0.0,0.0,4.4,15.1,mcbrimi01
290,CJ McCollum,PG,32,NOP,15,15,497,7.9,17.0,.464,3.6,8.2,.442,4.3,8.8,.484,2.8,3.3,.826,0.7,3.5,4.3,5.6,1.5,0.9,1.5,2.2,22.2,mccolcj01
291,T.J. McConnell,PG,31,IND,20,1,317,8.1,15.4,.522,0.1,1.1,.100,7.9,14.3,.556,1.8,2.5,.727,1.4,5.1,6.5,11.5,2.3,0.3,2.6,2.6,18.1,mccontj01
292,Jaden McDaniels,SF,23,MIN,16,15,397,6.4,11.4,.563,1.5,3.7,.390,5.0,7.7,.647,0.5,0.8,.667,1.1,2.4,3.4,1.5,0.7,0.7,1.5,4.9,14.9,mcdanja02
293,Jalen McDaniels,SF,26,TOR,16,0,141,3.3,12.5,.265,1.0,6.1,.167,2.3,6.4,.360,0.5,0.5,1.000,1.0,3.6,4.6,2.3,1.3,0.8,1.5,3.3,8.2,mcdanja01
294,Doug McDermott,SF,32,SAS,24,0,395,4.6,10.6,.440,3.6,8.1,.449,1.0,2.5,.407,0.7,0.9,.800,0.4,2.3,2.6,3.6,0.7,0.2,1.3,2.7,13.7,mcderdo01
295,JaVale McGee,C,36,SAC,23,0,200,8.6,12.8,.676,0.0,0.2,.000,8.6,12.6,.686,2.0,4.0,.500,4.7,8.3,13.0,1.8,0.9,2.7,4.1,4.9,19.3,mcgeeja01
296,Bryce McGowens,SG,21,CHO,21,3,367,3.6,7.9,.457,1.7,4.3,.386,2.0,3.6,.541,2.0,2.6,.769,0.6,3.2,3.8,1.7,0.8,0.3,1.3,3.3,10.9,mcgowbr01
297,Jordan McLaughlin,PG,27,MIN,9,0,35,2.1,5.1,.400,2.1,3.1,.667,0.0,2.1,.000,2.1,2.1,1.000,0.0,0.0,0.0,8.2,1.0,3.1,0.0,2.1,8.2,mclaujo01
298,De'Anthony Melton,SG,25,PHI,27,27,777,4.8,12.1,.395,2.5,6.9,.369,2.2,5.2,.429,2.4,3.0,.813,1.0,3.9,5.0,4.3,1.9,0.6,1.5,3.1,14.5,meltode01
299,Nathan Mensah,C,25,CHO,3,0,49,2.2,4.4,.500,0.0,0.0,,2.2,4.4,.500,1.5,1.5,1.000,4.4,8.1,12.5,0.7,0.7,0.0,2.2,6.6,5.9,mensana01
300,Sam Merrill,SG,27,CLE,15,0,164,6.8,15.1,.449,6.4,13.4,.475,0.4,1.8,.250,0.7,0.9,.750,1.1,3.3,4.4,3.1,0.9,0.2,1.1,3.5,20.6,merrisa01
301,Chimezie Metu,C,26,PHO,17,2,182,5.1,10.3,.500,1.6,4.7,.333,3.6,5.5,.643,1.8,2.4,.750,1.2,5.1,6.3,1.4,1.6,1.0,1.6,3.6,13.6,metuch01
302,Vasilije Micić,PG,30,OKC,10,0,122,3.0,8.9,.333,1.5,5.3,.278,1.5,3.5,.417,1.2,1.8,.667,0.0,1.5,1.5,8.0,0.6,0.3,3.2,1.8,8.6,micicva01
303,Khris Middleton,SF,32,MIL,22,22,508,7.8,16.5,.472,2.2,6.1,.360,5.6,10.4,.537,2.6,3.1,.818,1.1,6.4,7.5,6.5,1.3,0.1,3.0,3.2,20.3,middlkh01
304,Brandon Miller,SF,21,CHO,24,18,774,6.4,14.7,.437,2.2,5.7,.382,4.2,9.0,.472,1.8,2.2,.792,1.0,3.6,4.6,2.5,0.7,0.6,1.9,3.3,16.8,millebr02
305,Jordan Miller,SF,24,LAC,3,0,12,6.0,9.0,.667,3.0,3.0,1.000,3.0,6.0,.500,0.0,0.0,,0.0,3.0,3.0,0.0,0.0,0.0,3.0,6.0,15.0,millejo02
306,Leonard Miller,SF,20,MIN,3,0,6,6.0,12.0,.500,0.0,0.0,,6.0,12.0,.500,0.0,0.0,,0.0,36.0,36.0,6.0,0.0,0.0,0.0,6.0,12.0,millele01
307,Dariq Whitehead,SF,19,BRK,1,0,3,0.0,0.0,,0.0,0.0,,0.0,0.0,,12.0,24.0,.500,0.0,0.0,0.0,0.0,0.0,12.0,0.0,0.0,12.0,whiteda01
308,Patty Mills,PG,35,ATL,4,0,35,3.1,10.3,.300,3.1,7.2,.429,0.0,3.1,.000,0.0,0.0,,0.0,4.1,4.1,4.1,1.0,1.0,2.1,4.1,9.3,millspa02
309,Shake Milton,SG,27,MIN,25,0,383,4.3,11.6,.374,1.0,4.2,.244,3.3,7.3,.449,3.4,4.0,.837,0.5,3.4,3.9,3.6,1.3,0.3,2.3,3.6,13.1,miltosh01
310,Justin Minaya,SF,24,POR,6,0,38,1.9,5.7,.333,1.9,3.8,.500,0.0,1.9,.000,0.9,1.9,.500,3.8,0.9,4.7,0.0,0.0,0.9,0.9,1.9,6.6,minayju01
311,Josh Minott,SF,21,MIN,11,0,27,10.7,18.7,.571,0.0,6.7,.000,10.7,12.0,.889,5.3,8.0,.667,1.3,2.7,4.0,1.3,0.0,1.3,0.0,5.3,26.7,minotjo01
312,Davion Mitchell,PG,25,SAC,20,3,282,3.6,10.3,.346,1.5,5.6,.273,2.0,4.7,.432,1.3,1.7,.769,0.3,2.2,2.4,5.5,0.6,0.3,1.7,3.4,10.0,mitchda01
313,Donovan Mitchell,SG,27,CLE,22,22,803,9.5,21.0,.453,3.0,8.7,.351,6.5,12.3,.526,5.3,6.0,.887,1.1,4.4,5.5,5.4,1.8,0.4,2.6,2.2,27.3,mitchdo01
314,Evan Mobley,PF,22,CLE,21,21,705,7.3,12.7,.573,0.1,0.5,.200,7.1,12.2,.588,2.6,3.3,.769,2.9,8.4,11.2,3.1,0.9,1.8,2.5,3.1,17.2,mobleev01
315,Isaiah Mobley,PF,24,CLE,2,0,10,3.6,10.8,.333,0.0,3.6,.000,3.6,7.2,.500,0.0,0.0,,0.0,7.2,7.2,10.8,3.6,0.0,3.6,7.2,7.2,mobleis01
316,Malik Monk,SG,25,SAC,26,0,656,6.8,15.8,.431,3.8,9.2,.419,3.0,6.6,.446,3.3,3.7,.897,0.7,3.0,3.7,7.4,0.9,0.7,3.2,2.4,20.8,monkma01
317,Moses Moody,SG,21,GSW,27,4,508,5.9,12.4,.474,2.1,6.0,.345,3.8,6.4,.593,2.3,3.1,.750,2.5,4.0,6.5,1.8,1.3,0.5,1.3,2.6,16.2,moodymo01
318,Xavier Moon,SG,29,LAC,2,0,12,3.0,6.0,.500,0.0,3.0,.000,3.0,3.0,1.000,0.0,0.0,,0.0,6.0,6.0,9.0,0.0,0.0,3.0,3.0,6.0,moonxa01
319,Wendell Moore Jr.,SG,22,MIN,6,0,14,2.6,7.7,.333,0.0,5.1,.000,2.6,2.6,1.000,0.0,0.0,,0.0,2.6,2.6,2.6,2.6,0.0,2.6,2.6,5.1,moorewe01
320,Ja Morant,PG,24,MEM,1,1,35,12.3,24.7,.500,0.0,5.1,.000,12.3,19.5,.632,10.3,12.3,.833,3.1,3.1,6.2,8.2,2.1,1.0,5.1,2.1,35.0,moranja01
321,Marcus Morris,PF,34,PHI,19,3,261,5.8,11.4,.506,2.8,5.1,.541,3.0,6.3,.478,0.7,0.7,1.000,1.0,5.7,6.6,1.7,1.0,1.0,0.8,4.3,15.0,morrima03
322,Markieff Morris,PF,34,DAL,11,0,114,4.1,12.0,.342,2.2,7.3,.304,1.9,4.7,.400,0.0,0.0,,1.3,5.7,6.9,3.2,1.3,0.3,2.2,2.8,10.4,morrima02
323,Trey Murphy III,SF,23,NOP,8,0,202,7.0,14.3,.488,3.4,8.6,.396,3.6,5.7,.625,3.9,4.6,.846,0.2,5.2,5.3,2.5,0.7,0.5,0.5,1.2,21.2,murphtr02
324,Dejounte Murray,SG,27,ATL,27,27,927,8.0,17.7,.452,2.4,6.3,.374,5.6,11.4,.495,2.6,3.1,.848,0.8,3.7,4.5,5.7,1.6,0.4,2.2,1.7,21.0,murrade01
325,Jamal Murray,PG,26,DEN,15,15,435,8.5,18.6,.458,2.9,6.7,.432,5.6,11.9,.472,2.9,3.1,.921,0.5,3.6,4.1,7.1,0.7,1.0,2.4,2.6,22.8,murraja01
326,Keegan Murray,SF,23,SAC,22,22,705,6.5,14.5,.447,2.9,7.9,.370,3.6,6.6,.538,1.9,2.2,.860,1.6,4.5,6.1,2.0,1.3,0.4,1.1,3.1,17.8,murrake02
327,Kris Murray,SF,23,POR,13,0,144,3.0,9.2,.324,2.0,6.0,.333,1.0,3.2,.308,0.7,1.2,.600,2.0,3.7,5.7,1.7,2.5,0.5,0.2,2.5,8.7,murrakr01
328,Mike Muscala,C,32,WAS,14,2,180,3.0,7.8,.385,1.2,4.6,.261,1.8,3.2,.563,2.8,3.2,.875,1.6,5.2,6.8,2.6,0.6,1.0,2.0,3.2,10.0,muscami01
329,Svi Mykhailiuk,SF,26,BOS,11,0,83,3.0,10.8,.280,1.7,8.7,.200,1.3,2.2,.600,0.0,0.0,,1.3,2.6,3.9,1.7,1.7,0.0,1.7,2.2,7.8,mykhasv01
330,Larry Nance Jr.,C,31,NOP,14,0,211,3.6,7.2,.500,0.5,1.9,.273,3.1,5.3,.581,0.7,1.4,.500,3.1,6.8,9.9,1.7,1.5,0.7,2.2,3.2,8.4,nancela02
331,Andrew Nembhard,PG,24,IND,17,2,308,6.1,13.3,.456,1.1,4.3,.243,5.0,9.0,.558,0.7,1.1,.667,1.1,2.3,3.4,8.2,1.8,0.1,2.6,3.9,13.9,nembhan01
332,Aaron Nesmith,SF,24,IND,24,1,589,6.3,11.5,.548,2.9,6.1,.470,3.4,5.4,.636,1.8,2.7,.682,1.3,3.1,4.5,1.5,1.3,1.0,1.0,4.8,17.3,nesmiaa01
333,Georges Niang,PF,30,CLE,28,1,625,4.8,12.0,.399,2.4,7.2,.336,2.4,4.8,.494,0.8,0.9,.933,0.6,5.2,5.8,1.9,0.5,0.1,1.2,3.9,12.8,niangge01
334,Daishen Nix,PG,21,MIN,6,0,21,5.1,13.7,.375,3.4,8.6,.400,1.7,5.1,.333,0.0,3.4,.000,0.0,1.7,1.7,0.0,1.7,0.0,0.0,0.0,13.7,nixda01
335,Zeke Nnaji,PF,23,DEN,23,0,247,4.8,9.6,.500,0.6,1.6,.364,4.2,8.0,.527,3.2,5.1,.629,4.5,3.9,8.5,1.9,0.7,2.2,2.0,5.1,13.4,nnajize01
336,Jaylen Nowell,SG,24,MEM,9,1,156,5.1,12.7,.400,0.9,5.3,.174,4.2,7.4,.563,0.7,0.7,1.000,0.7,2.5,3.2,3.7,0.7,0.0,1.2,3.0,11.8,nowelja01
337,Markquis Nowell,SG,24,TOR,1,0,4,0.0,9.0,.000,0.0,0.0,,0.0,9.0,.000,18.0,18.0,1.000,18.0,0.0,18.0,18.0,9.0,0.0,0.0,0.0,18.0,nowelma01
338,Jusuf Nurkić,C,29,PHO,27,27,769,5.7,12.2,.464,0.8,3.0,.266,4.9,9.2,.528,3.2,4.5,.711,3.7,9.2,13.0,4.9,1.3,1.5,2.6,4.5,15.4,nurkiju01
339,Jordan Nwora,SF,25,IND,10,0,118,8.2,17.1,.482,2.4,7.3,.333,5.8,9.8,.594,1.8,2.1,.857,2.1,4.6,6.7,3.4,1.5,0.3,3.1,3.7,20.7,nworajo01
340,Royce O'Neale,SF,30,BRK,26,5,719,3.5,9.2,.377,3.0,7.7,.383,0.5,1.5,.345,0.4,0.6,.583,1.0,5.4,6.4,4.3,1.1,1.1,1.3,3.5,10.2,onealro01
341,Chuma Okeke,SF,25,ORL,13,0,61,4.1,10.6,.389,2.4,7.1,.333,1.8,3.5,.500,0.0,0.0,,1.8,6.5,8.3,2.4,1.2,0.0,1.8,0.6,10.6,okekech01
342,Josh Okogie,SG,25,PHO,23,11,491,3.3,7.9,.417,1.0,3.7,.275,2.3,4.2,.544,3.4,4.4,.767,2.8,2.9,5.7,2.0,1.6,0.9,1.4,2.3,11.0,okogijo01
343,Onyeka Okongwu,C,23,ATL,27,2,663,5.4,9.2,.586,0.6,2.0,.297,4.8,7.2,.667,2.8,3.3,.850,3.5,6.5,10.0,2.1,0.6,1.2,1.1,4.0,14.1,okongon01
344,Isaac Okoro,SF,23,CLE,19,8,466,3.9,8.1,.476,1.2,3.2,.390,2.6,4.9,.531,1.5,2.5,.625,2.2,3.1,5.3,2.9,1.3,0.6,1.1,3.2,10.5,okorois01
345,Kelly Olynyk,C,32,UTA,26,5,561,4.2,7.9,.537,1.2,3.0,.413,3.0,4.9,.610,2.3,2.6,.878,2.6,6.9,9.4,7.3,1.3,0.4,3.0,4.6,12.0,olynyke01
346,Eugene Omoruyi,SF,26,WAS,15,0,86,10.5,17.6,.595,2.1,5.4,.385,8.4,12.1,.690,5.4,7.1,.765,3.8,6.3,10.0,3.3,2.5,0.4,3.3,5.4,28.5,omorueu01
347,Cedi Osman,SF,28,SAS,26,1,501,6.0,12.6,.477,2.5,6.8,.372,3.5,5.9,.598,1.4,2.0,.714,0.8,3.7,4.5,3.2,0.7,0.4,1.1,3.0,16.0,osmande01
348,Kelly Oubre Jr.,SF,28,PHI,16,6,407,7.1,14.6,.485,2.1,6.2,.343,5.0,8.4,.589,2.6,3.5,.725,1.6,4.3,5.9,0.9,1.7,0.4,1.1,3.3,18.8,oubreke01
349,Chris Paul,PG,38,GSW,24,7,659,4.0,10.2,.396,1.5,4.7,.314,2.6,5.5,.465,1.6,1.8,.909,0.4,4.5,4.9,9.9,1.6,0.1,1.6,2.4,11.2,paulch01
350,Cameron Payne,PG,29,MIL,27,2,445,5.0,11.1,.453,2.4,6.2,.390,2.6,4.9,.533,1.3,1.4,.941,0.1,2.5,2.6,5.3,0.8,0.2,1.9,4.3,13.8,payneca01
351,Gary Payton II,SG,31,GSW,14,0,242,5.1,10.6,.479,1.3,4.2,.321,3.7,6.4,.581,0.9,1.3,.667,2.2,4.3,6.5,1.9,2.5,0.6,1.3,3.9,12.3,paytoga02
352,Filip Petrušev,C,23,TOT,3,0,10,3.6,7.2,.500,0.0,0.0,,3.6,7.2,.500,3.6,7.2,.500,0.0,3.6,3.6,0.0,0.0,0.0,0.0,3.6,10.8,petrufi01
352,Filip Petrušev,C,23,PHI,1,0,3,0.0,0.0,,0.0,0.0,,0.0,0.0,,0.0,0.0,,0.0,12.0,12.0,0.0,0.0,0.0,0.0,0.0,0.0,petrufi01
352,Filip Petrušev,C,23,SAC,2,0,7,5.1,10.3,.500,0.0,0.0,,5.1,10.3,.500,5.1,10.3,.500,0.0,0.0,0.0,0.0,0.0,0.0,0.0,5.1,15.4,petrufi01
353,Julian Phillips,SF,20,CHI,16,0,70,2.6,8.7,.294,0.0,4.1,.000,2.6,4.6,.556,0.5,2.1,.250,1.0,4.1,5.1,3.1,0.5,0.0,1.0,4.6,5.7,phillju01
354,Jalen Pickett,SG,24,DEN,12,0,77,4.7,9.8,.476,2.8,7.0,.400,1.9,2.8,.667,0.9,0.9,1.000,0.5,4.2,4.7,3.7,1.4,0.0,2.8,3.3,13.1,pickeja02
355,Mason Plumlee,C,33,LAC,6,0,102,4.2,6.7,.632,0.0,0.0,,4.2,6.7,.632,2.1,4.9,.429,2.8,8.8,11.6,2.1,1.4,0.4,1.8,2.1,10.6,plumlma01
356,Brandin Podziemski,SG,20,GSW,21,4,451,5.4,11.9,.456,1.9,4.8,.400,3.5,7.1,.494,1.2,1.8,.652,2.4,5.9,8.3,4.3,1.4,0.3,2.3,3.2,14.0,podzibr01
357,Jakob Poeltl,C,28,TOR,27,27,702,6.6,9.1,.725,0.0,0.0,,6.6,9.1,.725,1.4,2.8,.509,3.8,7.4,11.2,3.1,1.0,1.6,2.3,3.8,14.7,poeltja01
358,Aleksej Pokusevski,PF,22,OKC,7,0,43,1.7,9.2,.182,0.8,6.7,.125,0.8,2.5,.333,0.8,1.7,.500,1.7,5.0,6.7,4.2,0.0,0.8,2.5,4.2,5.0,pokusal01
359,Jordan Poole,SG,24,WAS,25,25,734,7.7,18.4,.416,2.6,7.8,.325,5.1,10.5,.484,3.4,4.0,.864,0.4,2.6,3.0,4.3,1.3,0.4,3.5,3.9,21.3,poolejo01
360,Craig Porter Jr.,PG,23,CLE,17,2,249,6.7,13.0,.511,0.6,1.6,.364,6.1,11.4,.532,2.9,4.0,.714,1.0,4.0,5.1,6.7,1.4,1.3,2.2,2.3,16.8,portecr01
361,Michael Porter Jr.,SF,25,DEN,29,29,904,7.2,15.5,.467,3.1,8.2,.385,4.1,7.4,.557,1.2,1.6,.750,1.8,7.2,9.0,1.8,0.6,0.8,1.3,2.3,18.8,portemi01
362,Otto Porter Jr.,SF,30,TOR,11,1,130,2.8,7.2,.385,1.9,5.3,.368,0.8,1.9,.429,0.3,0.3,1.000,1.7,5.0,6.6,0.8,1.1,1.1,0.6,3.3,7.8,porteot01
363,Bobby Portis,PF,28,MIL,27,0,646,7.9,15.3,.513,1.6,4.3,.364,6.3,11.0,.571,1.9,2.3,.810,2.4,7.7,10.1,1.7,1.1,0.7,1.4,3.7,19.2,portibo01
364,Kristaps Porziņģis,C,28,BOS,20,20,604,7.6,14.4,.529,2.1,6.0,.350,5.5,8.5,.655,5.5,6.6,.836,1.8,6.4,8.2,2.0,0.9,2.1,2.0,3.6,22.8,porzikr01
365,Micah Potter,PF,25,UTA,2,0,7,0.0,5.1,.000,0.0,5.1,.000,0.0,0.0,,0.0,0.0,,0.0,20.6,20.6,0.0,0.0,0.0,0.0,0.0,0.0,pottemi01
366,Dwight Powell,C,32,DAL,24,3,355,3.2,4.6,.711,0.1,0.1,1.000,3.1,4.5,.705,4.0,5.0,.796,3.5,4.3,7.8,3.1,0.9,0.9,1.0,4.8,10.5,poweldw01
367,Norman Powell,SG,30,LAC,27,0,685,6.5,12.9,.506,2.7,5.9,.451,3.8,6.9,.553,3.3,3.8,.875,0.2,2.9,3.1,1.5,0.9,0.6,1.4,2.7,19.0,powelno01
368,Joshua Primo,SG,21,LAC,1,0,5,7.2,14.4,.500,0.0,7.2,.000,7.2,7.2,1.000,0.0,0.0,,0.0,0.0,0.0,0.0,0.0,7.2,21.6,0.0,14.4,primojo01
369,Taurean Prince,PF,29,LAL,26,26,796,4.2,9.7,.433,2.4,6.2,.377,1.9,3.5,.532,0.7,1.0,.727,0.4,2.8,3.2,2.1,0.9,0.5,1.0,2.4,11.5,princta02
370,Payton Pritchard,PG,26,BOS,27,0,552,4.4,10.6,.417,2.8,7.1,.394,1.6,3.5,.463,0.8,1.2,.722,1.5,4.0,5.5,5.2,0.7,0.2,1.0,2.2,12.5,pritcpa01
371,Olivier-Maxence Prosper,PF,21,DAL,17,0,143,3.0,8.8,.343,1.3,5.5,.227,1.8,3.3,.538,2.3,3.5,.643,1.8,5.8,7.6,3.3,0.3,0.3,0.3,2.3,9.6,prospol01
372,Neemias Queta,C,24,BOS,7,0,105,5.1,10.6,.484,0.0,0.0,,5.1,10.6,.484,1.4,1.7,.800,6.9,7.2,14.1,0.7,1.4,1.0,1.4,4.8,11.7,quetane01
373,Immanuel Quickley,SG,24,NYK,26,0,623,7.6,17.2,.444,3.1,8.1,.383,4.5,9.0,.500,4.1,4.8,.855,0.3,4.0,4.3,4.0,0.9,0.2,1.6,2.2,22.5,quickim01
374,Lester Quinones,SG,23,GSW,2,0,9,8.0,24.0,.333,4.0,16.0,.250,4.0,8.0,.500,0.0,0.0,,0.0,0.0,0.0,0.0,0.0,0.0,4.0,4.0,20.0,quinole01
375,Julius Randle,PF,29,NYK,27,27,953,8.5,18.2,.464,1.5,5.3,.293,6.9,13.0,.534,4.7,6.2,.752,2.1,7.6,9.7,5.3,0.6,0.2,3.2,2.7,23.2,randlju01
376,Duop Reath,C,27,POR,17,4,254,6.7,15.9,.420,3.4,9.8,.348,3.3,6.1,.535,2.7,3.0,.905,2.6,4.1,6.7,2.8,1.6,0.7,1.6,4.3,19.4,reathdu01
377,Austin Reaves,SG,25,LAL,28,9,826,6.5,13.6,.476,2.1,5.8,.364,4.4,7.8,.559,3.5,4.1,.871,1.1,4.5,5.6,6.0,1.1,0.1,3.0,1.7,18.5,reaveau01
378,Cam Reddish,SF,24,LAL,23,16,559,3.7,9.3,.403,1.4,4.3,.318,2.4,5.0,.474,1.9,2.2,.853,0.9,3.2,4.1,1.9,2.2,0.5,1.0,2.7,10.7,reddica01
379,Paul Reed,C,24,PHI,27,1,371,5.7,9.9,.578,0.4,1.1,.364,5.3,8.8,.604,1.3,1.6,.813,4.7,6.8,11.5,2.9,1.4,1.6,2.5,5.4,13.1,reedpa01
380,Naz Reid,C,24,MIN,26,0,583,8.1,16.2,.500,3.0,7.8,.386,5.1,8.3,.607,2.3,2.5,.925,1.8,5.4,7.2,1.5,1.1,0.9,1.9,2.7,21.5,reidna01
381,Jared Rhoden,SG,24,DET,5,0,30,6.0,10.8,.556,1.2,4.8,.250,4.8,6.0,.800,2.4,2.4,1.000,1.2,3.6,4.8,3.6,0.0,0.0,2.4,4.8,15.6,rhodeja01
382,Nick Richards,C,26,CHO,20,7,422,5.4,7.6,.708,0.0,0.0,,5.4,7.6,.708,3.6,4.4,.824,3.7,7.5,11.2,0.9,0.6,2.0,1.6,4.5,14.3,richani01
383,Josh Richardson,SG,30,MIA,23,4,637,4.9,11.0,.443,2.0,5.8,.340,2.9,5.1,.560,1.8,1.9,.912,0.6,2.9,3.5,4.0,0.7,0.3,1.4,2.3,13.5,richajo01
384,Duncan Robinson,SF,29,MIA,26,16,757,6.4,13.1,.487,3.8,8.6,.442,2.6,4.5,.574,1.5,1.8,.816,0.3,3.1,3.4,3.9,0.6,0.1,1.6,2.9,18.0,robindu01
385,Jerome Robinson,SG,26,GSW,1,0,5,0.0,14.4,.000,0.0,0.0,,0.0,14.4,.000,0.0,0.0,,7.2,7.2,14.4,0.0,0.0,0.0,0.0,0.0,0.0,robinje01
386,Mitchell Robinson,C,25,NYK,21,21,613,3.4,5.8,.592,0.0,0.0,,3.4,5.8,.592,0.8,2.2,.368,6.6,6.1,12.7,0.9,1.9,1.6,1.2,2.3,7.6,robinmi01
387,Orlando Robinson,C,23,MIA,13,7,210,5.3,10.1,.525,1.2,2.1,.583,4.1,8.1,.511,1.7,2.4,.714,3.1,6.9,9.9,3.9,0.9,1.2,2.2,4.8,13.5,robinor01
388,Jeremiah Robinson-Earl,PF,23,NOP,11,1,111,5.2,10.1,.516,1.9,3.6,.545,3.2,6.5,.500,1.9,1.9,1.000,3.2,5.5,8.8,1.9,0.6,0.0,1.9,2.9,14.3,robinje02
389,David Roddy,PF,22,MEM,26,8,619,4.8,11.7,.406,1.5,5.2,.289,3.3,6.5,.500,1.2,1.6,.714,1.5,4.9,6.4,2.0,1.0,0.5,1.5,2.2,12.2,roddyda01
390,Ryan Rollins,PG,21,WAS,8,0,49,6.6,13.2,.500,0.7,1.5,.500,5.9,11.8,.500,9.6,11.8,.813,1.5,5.9,7.3,7.3,5.9,1.5,5.1,4.4,23.5,rolliry01
391,Derrick Rose,PG,35,MEM,15,7,284,6.7,15.3,.438,1.4,4.1,.344,5.3,11.3,.472,2.4,2.7,.905,0.9,2.9,3.8,6.6,0.9,0.3,2.7,2.3,17.2,rosede01
392,Terry Rozier,SG,29,CHO,17,17,606,8.7,18.8,.464,2.6,7.3,.358,6.1,11.5,.531,3.3,3.8,.875,0.7,3.1,3.7,7.2,1.2,0.4,2.3,2.0,23.4,roziete01
393,Rayan Rupert,SG,19,POR,7,0,31,1.2,13.9,.083,1.2,7.0,.167,0.0,7.0,.000,2.3,4.6,.500,1.2,0.0,1.2,2.3,2.3,0.0,2.3,1.2,5.8,ruperra01
394,D'Angelo Russell,PG,27,LAL,27,27,808,7.0,15.0,.467,2.5,6.4,.382,4.5,8.6,.531,1.9,2.5,.768,0.4,3.3,3.7,7.4,1.0,0.5,2.1,2.5,18.4,russeda01
395,Matt Ryan,SF,26,NOP,13,1,298,4.6,10.0,.458,3.9,8.2,.471,0.7,1.8,.400,1.6,1.7,.929,0.6,3.0,3.6,1.7,0.6,0.1,1.9,2.9,14.6,ryanma01
396,Domantas Sabonis,C,27,SAC,26,26,899,7.5,13.1,.574,0.5,1.3,.394,7.0,11.7,.594,3.9,5.9,.662,3.6,9.1,12.7,7.5,0.9,0.7,3.1,3.3,19.4,sabondo01
397,Luka Šamanić,PF,24,UTA,12,0,81,8.0,18.2,.439,2.2,8.0,.278,5.8,10.2,.565,0.9,0.9,1.000,1.3,9.8,11.1,1.3,0.4,0.9,2.7,4.0,19.1,samanlu01
398,Jermaine Samuels,SF,25,HOU,5,0,29,2.5,5.0,.500,0.0,2.5,.000,2.5,2.5,1.000,2.5,2.5,1.000,1.2,7.4,8.7,2.5,0.0,1.2,0.0,3.7,7.4,samueje01
399,Gui Santos,PF,21,GSW,2,0,12,6.0,12.0,.500,0.0,3.0,.000,6.0,9.0,.667,0.0,0.0,,6.0,6.0,12.0,3.0,0.0,0.0,6.0,6.0,12.0,santogu01
400,Dario Šarić,C,29,GSW,27,4,563,6.3,13.4,.467,2.9,7.2,.411,3.3,6.3,.531,2.9,3.5,.833,2.8,7.3,10.1,3.6,1.0,0.4,2.2,4.3,18.4,saricda01
401,Olivier Sarr,C,24,OKC,6,0,61,3.5,6.5,.545,1.2,3.0,.400,2.4,3.5,.667,2.4,3.5,.667,3.0,10.6,13.6,0.6,0.0,3.0,1.2,7.7,10.6,sarrol01
402,Marcus Sasser,PG,23,DET,26,0,442,6.4,13.0,.488,2.6,6.1,.427,3.7,6.9,.541,1.4,1.5,.895,0.2,3.3,3.6,5.5,1.5,0.4,1.7,3.3,16.7,sassema01
403,Admiral Schofield,PF,26,ORL,8,0,28,3.9,12.9,.300,1.3,7.7,.167,2.6,5.1,.500,0.0,2.6,.000,0.0,6.4,6.4,2.6,0.0,0.0,5.1,7.7,9.0,schofad01
404,Dennis Schröder,PG,30,TOR,27,27,863,5.9,13.8,.425,1.9,5.3,.359,4.0,8.5,.466,2.8,3.3,.872,0.5,2.6,3.1,7.6,1.1,0.1,2.0,2.7,16.5,schrode01
405,Dereon Seabron,SG,23,NOP,5,0,52,2.8,9.0,.308,0.7,1.4,.500,2.1,7.6,.273,3.5,4.2,.833,0.7,4.2,4.8,2.8,1.4,0.7,0.0,2.8,9.7,seabrde01
406,Alperen Şengün,C,21,HOU,25,25,799,9.0,17.0,.529,0.8,2.6,.293,8.2,14.4,.572,3.4,5.0,.670,2.8,7.2,10.0,5.9,1.0,1.0,2.9,3.6,22.2,sengual01
407,Brice Sensabaugh,SF,20,UTA,1,0,2,0.0,36.0,.000,0.0,0.0,,0.0,36.0,.000,0.0,0.0,,18.0,18.0,36.0,0.0,0.0,0.0,0.0,0.0,0.0,sensabr01
408,Collin Sexton,SG,25,UTA,28,5,640,7.9,17.1,.464,2.1,6.1,.349,5.8,11.0,.528,5.6,6.3,.884,1.4,3.0,4.3,5.3,0.8,0.3,3.0,3.0,23.6,sextoco01
409,Landry Shamet,SG,26,WAS,15,0,253,6.8,14.4,.475,3.4,8.5,.400,3.4,5.8,.585,0.7,1.6,.455,0.3,2.7,3.0,3.1,1.3,0.3,1.3,4.4,17.8,shamela01
410,Day'Ron Sharpe,C,22,BRK,27,0,428,6.1,11.4,.533,0.0,0.5,.000,6.1,10.9,.558,2.8,4.5,.611,6.3,9.7,16.0,2.6,0.8,1.8,2.6,5.2,14.9,sharpda01
411,Shaedon Sharpe,SG,20,POR,26,25,911,5.9,14.3,.410,2.1,5.9,.360,3.8,8.4,.446,3.3,4.0,.824,1.4,4.1,5.5,3.4,0.9,0.4,2.6,3.0,17.2,sharpsh01
412,Ben Sheppard,SG,22,IND,12,0,90,6.0,13.6,.441,2.8,8.4,.333,3.2,5.2,.615,1.6,2.4,.667,0.8,2.4,3.2,3.2,1.6,0.0,0.4,4.4,16.4,sheppbe01
413,Pascal Siakam,PF,29,TOR,27,27,933,8.4,16.5,.507,1.0,3.9,.260,7.4,12.7,.582,4.2,5.6,.740,1.7,5.3,7.0,5.1,0.9,0.2,2.4,2.2,21.9,siakapa01
414,Ben Simmons,PG,27,BRK,6,6,191,3.6,6.8,.528,0.0,0.0,,3.6,6.8,.528,0.2,0.8,.250,3.0,9.2,12.3,7.5,0.6,0.9,2.8,3.0,7.4,simmobe01
415,Anfernee Simons,SG,24,POR,8,8,269,9.4,21.1,.443,3.1,8.8,.348,6.3,12.3,.511,5.4,5.8,.930,0.8,2.4,3.2,6.2,1.1,0.1,2.7,2.4,27.2,simonan01
416,Jericho Sims,C,25,NYK,14,5,103,3.5,5.2,.667,0.0,0.0,,3.5,5.2,.667,1.0,1.7,.600,2.1,6.3,8.4,1.0,0.3,0.3,0.7,4.9,8.0,simsje01
417,Jalen Slawson,SF,24,SAC,5,0,19,3.8,5.7,.667,0.0,1.9,.000,3.8,3.8,1.000,0.0,0.0,,0.0,7.6,7.6,3.8,0.0,1.9,3.8,5.7,7.6,slawsja01
418,Marcus Smart,PG,29,MEM,11,11,329,5.6,13.0,.429,2.0,6.7,.295,3.6,6.3,.569,1.9,2.3,.810,0.3,2.6,3.0,6.0,2.4,0.4,4.0,3.8,15.0,smartma01
419,Dennis Smith Jr.,PG,26,BRK,13,0,229,5.3,12.6,.425,1.1,3.5,.318,4.2,9.1,.466,1.9,2.2,.857,1.7,4.4,6.1,7.1,1.7,0.5,1.9,4.4,13.7,smithde03
420,Dru Smith,SG,26,MIA,9,0,131,4.1,9.1,.455,1.9,4.7,.412,2.2,4.4,.500,0.5,0.5,1.000,1.6,2.2,3.8,3.8,2.5,0.8,1.4,3.3,10.7,smithdr01
421,Ish Smith,PG,35,CHO,20,0,323,3.9,7.4,.530,0.2,0.4,.500,3.7,6.9,.532,0.0,0.0,,0.6,2.6,3.1,6.1,0.8,0.2,2.8,2.2,8.0,smithis01
422,Jabari Smith Jr.,PF,20,HOU,25,25,759,5.8,12.1,.480,1.9,5.3,.369,3.9,6.9,.566,2.0,2.5,.811,2.3,8.1,10.4,2.0,0.6,1.0,1.5,3.8,15.7,smithja05
423,Jalen Smith,C,23,IND,15,0,224,9.2,12.7,.722,2.6,3.7,.696,6.6,9.0,.732,3.2,4.3,.741,3.5,9.5,13.0,1.9,0.8,0.6,2.4,5.0,24.1,smithja04
424,Nick Smith Jr.,SG,19,CHO,11,0,109,7.3,15.9,.458,3.3,7.9,.417,4.0,7.9,.500,0.0,0.0,,1.0,1.3,2.3,1.0,0.3,1.0,1.3,3.0,17.8,smithni01
425,Jeremy Sochan,PG,20,SAS,26,25,757,5.0,12.1,.413,1.0,2.9,.333,4.0,9.2,.438,1.9,2.5,.750,1.9,4.9,6.8,5.2,0.9,0.3,2.8,3.4,12.8,sochaje01
426,Jaden Springer,SG,21,PHI,16,0,169,4.7,12.4,.379,1.1,3.6,.294,3.6,8.7,.415,2.6,3.4,.750,3.0,2.6,5.5,3.6,2.1,1.5,3.2,5.3,13.0,sprinja01
427,Lamar Stevens,PF,26,BOS,10,1,48,6.8,13.5,.500,1.5,4.5,.333,5.2,9.0,.583,2.3,3.0,.750,3.7,3.7,7.5,2.3,3.0,2.3,3.0,7.5,17.2,stevela01
428,Isaiah Stewart,PF,22,DET,25,25,758,4.5,9.9,.455,1.6,4.3,.367,2.9,5.7,.521,1.6,2.0,.786,2.1,6.0,8.1,1.7,0.3,0.7,2.0,3.1,12.2,stewais01
429,Julian Strawther,SF,21,DEN,26,0,365,5.6,14.4,.390,3.2,9.2,.344,2.5,5.2,.472,1.3,1.8,.722,0.1,3.7,3.8,3.1,1.4,0.5,0.8,3.7,15.7,strawju01
430,Max Strus,SF,27,CLE,28,28,966,5.1,12.5,.411,3.0,8.2,.362,2.2,4.3,.504,1.2,1.5,.805,0.8,4.8,5.6,4.0,0.9,0.5,1.6,3.1,14.5,strusma01
431,Jalen Suggs,SG,22,ORL,24,24,624,6.1,12.9,.471,2.3,6.2,.374,3.7,6.7,.560,2.8,3.3,.828,0.8,4.0,4.8,3.5,2.3,0.9,2.7,3.7,17.2,suggsja01
432,Cole Swider,SF,24,MIA,3,0,29,7.4,17.4,.429,5.0,13.7,.364,2.5,3.7,.667,0.0,0.0,,0.0,1.2,1.2,3.7,1.2,1.2,1.2,1.2,19.9,swideco01
433,Jae'Sean Tate,SF,28,HOU,23,0,410,4.0,8.6,.469,1.2,3.5,.350,2.8,5.1,.552,0.9,1.2,.714,2.1,4.7,6.8,2.3,1.7,0.5,0.9,4.8,10.2,tateja01
434,Jayson Tatum,PF,25,BOS,26,26,957,9.1,19.1,.476,2.9,8.4,.345,6.2,10.7,.579,5.1,6.4,.795,0.9,7.6,8.5,4.1,0.9,0.5,2.9,2.1,26.2,tatumja01
435,Terry Taylor,PF,24,CHI,7,0,13,5.5,5.5,1.000,0.0,0.0,,5.5,5.5,1.000,0.0,0.0,,2.8,2.8,5.5,0.0,2.8,0.0,0.0,0.0,11.1,taylote01
436,Garrett Temple,SG,37,TOR,6,0,19,7.6,9.5,.800,1.9,1.9,1.000,5.7,7.6,.750,3.8,3.8,1.000,0.0,3.8,3.8,5.7,1.9,0.0,0.0,0.0,20.8,templga01
437,Dalen Terry,SG,21,CHI,13,0,99,2.5,6.9,.368,0.7,4.0,.182,1.8,2.9,.625,0.7,1.5,.500,1.5,5.8,7.3,4.4,0.4,1.1,1.5,4.4,6.5,terryda01
438,Daniel Theis,C,31,TOT,17,0,283,5.7,12.5,.459,1.0,2.3,.444,4.7,10.2,.463,2.2,3.1,.708,3.7,4.6,8.3,1.9,0.9,1.9,1.1,5.6,14.6,theisda01
438,Daniel Theis,C,31,IND,1,0,8,4.5,18.0,.250,0.0,4.5,.000,4.5,13.5,.333,0.0,0.0,,0.0,0.0,0.0,0.0,0.0,0.0,0.0,4.5,9.0,theisda01
438,Daniel Theis,C,31,LAC,16,0,275,5.8,12.3,.468,1.0,2.2,.471,4.7,10.1,.468,2.2,3.1,.708,3.8,4.7,8.5,2.0,0.9,2.0,1.2,5.6,14.8,theisda01
439,Cam Thomas,SG,22,BRK,18,16,570,10.2,22.4,.455,2.8,7.3,.388,7.3,15.0,.487,4.2,5.1,.838,0.4,3.3,3.7,2.8,0.7,0.6,2.1,2.3,27.4,thomaca02
440,Amen Thompson,SF,21,HOU,6,0,86,4.6,10.9,.423,0.8,5.0,.167,3.8,5.9,.643,2.1,3.3,.625,1.3,6.3,7.5,2.9,0.8,0.4,2.5,4.6,12.1,thompam01
441,Ausar Thompson,SF,21,DET,27,23,728,5.6,12.1,.463,0.4,2.6,.151,5.2,9.4,.550,1.8,2.6,.692,3.6,7.2,10.8,3.2,1.2,1.5,2.3,4.6,13.4,thompau01
442,Klay Thompson,SF,33,GSW,26,26,794,6.9,16.5,.419,3.7,9.9,.376,3.2,6.6,.483,2.7,2.9,.908,0.7,3.9,4.6,2.6,0.6,0.6,2.0,2.5,20.2,thompkl01
443,Tristan Thompson,PF,32,CLE,23,0,246,4.8,6.7,.717,0.0,0.0,,4.8,6.7,.717,1.3,3.7,.360,5.0,6.3,11.3,2.8,0.9,1.2,1.5,3.4,11.0,thomptr01
444,JT Thor,PF,21,CHO,23,1,360,2.9,7.8,.372,1.2,4.1,.293,1.7,3.7,.459,0.3,0.7,.429,1.9,3.9,5.8,1.0,0.6,0.9,0.6,2.8,7.3,thorjt01
445,Matisse Thybulle,SF,26,POR,26,12,603,3.5,7.5,.460,2.4,6.0,.410,1.0,1.6,.654,0.5,0.6,.800,0.7,2.5,3.2,1.6,2.6,1.3,1.1,1.7,9.9,thybuma01
446,Xavier Tillman Sr.,C,25,MEM,14,6,289,4.9,12.5,.390,1.1,3.9,.290,3.7,8.6,.435,0.6,1.7,.357,2.4,5.9,8.2,2.9,2.5,1.2,1.6,3.1,11.5,tillmxa01
447,Jacob Toppin,SF,23,NYK,1,0,2,0.0,0.0,,0.0,0.0,,0.0,0.0,,0.0,0.0,,0.0,0.0,0.0,0.0,0.0,18.0,0.0,0.0,0.0,toppija01
448,Obi Toppin,PF,25,IND,26,25,623,7.3,12.0,.609,1.8,4.9,.369,5.5,7.1,.772,1.8,2.3,.795,1.5,3.6,5.1,2.0,0.8,0.9,1.2,3.2,18.1,toppiob01
449,Juan Toscano-Anderson,SF,30,SAC,3,0,10,3.6,10.8,.333,0.0,3.6,.000,3.6,7.2,.500,0.0,0.0,,3.6,7.2,10.8,7.2,0.0,0.0,3.6,10.8,7.2,toscaju01
450,Karl-Anthony Towns,PF,28,MIN,26,26,865,8.7,16.8,.520,2.1,5.0,.425,6.6,11.8,.560,4.5,5.0,.899,1.8,8.6,10.4,3.2,1.0,0.7,3.1,3.6,24.1,townska01
451,Gary Trent Jr.,SG,25,TOR,24,2,607,5.7,14.5,.393,2.7,7.7,.354,3.0,6.8,.439,1.3,2.1,.629,0.3,2.9,3.2,2.3,0.9,0.1,0.9,1.4,15.4,trentga02
452,Oscar Tshiebwe,PF,24,IND,3,0,17,8.5,16.9,.500,0.0,0.0,,8.5,16.9,.500,6.4,8.5,.750,4.2,6.4,10.6,4.2,0.0,0.0,0.0,2.1,23.3,tshieos01
453,P.J. Tucker,PF,38,TOT,15,3,239,0.9,2.9,.316,0.8,2.4,.313,0.2,0.5,.333,0.5,0.5,1.000,2.4,4.1,6.5,1.2,1.4,0.5,0.6,5.3,3.0,tuckepj01
453,P.J. Tucker,PF,38,PHI,3,3,66,1.1,2.7,.400,1.1,2.7,.400,0.0,0.0,,0.0,0.0,,0.5,7.1,7.6,0.0,1.6,1.1,1.1,4.9,3.3,tuckepj01
453,P.J. Tucker,PF,38,LAC,12,0,173,0.8,2.9,.286,0.6,2.3,.273,0.2,0.6,.333,0.6,0.6,1.000,3.1,2.9,6.0,1.7,1.2,0.2,0.4,5.4,2.9,tuckepj01
454,Myles Turner,C,27,IND,25,25,678,8.1,16.0,.503,1.8,5.5,.327,6.3,10.5,.596,4.5,5.7,.787,2.5,7.7,10.2,1.6,0.8,2.7,1.8,4.0,22.5,turnemy01
455,Hunter Tyson,PF,23,DEN,8,0,20,1.8,7.2,.250,0.0,5.4,.000,1.8,1.8,1.000,0.0,0.0,,0.0,9.0,9.0,1.8,0.0,0.0,0.0,9.0,3.6,tysonhu01
456,Stanley Umude,SG,24,DET,15,0,155,4.6,10.2,.455,3.3,6.3,.519,1.4,3.9,.353,4.9,5.3,.913,0.7,5.8,6.5,1.9,0.9,1.2,2.3,5.6,17.4,umudest01
457,Jonas Valančiūnas,C,31,NOP,28,28,775,7.5,13.1,.574,1.0,2.6,.382,6.5,10.5,.621,3.3,4.2,.800,3.3,9.6,12.8,3.1,0.7,1.7,1.8,4.2,19.4,valanjo01
458,Jarred Vanderbilt,PF,24,LAL,7,0,99,1.1,4.7,.231,0.0,2.5,.000,1.1,2.2,.500,0.4,0.7,.500,2.5,6.5,9.1,2.2,0.7,0.7,0.7,4.4,2.5,vandeja01
459,Fred VanVleet,PG,29,HOU,24,24,924,5.4,13.6,.397,2.8,7.3,.388,2.6,6.3,.407,2.9,3.3,.881,0.3,3.8,4.1,8.5,1.1,0.5,1.6,1.8,16.6,vanvlfr01
460,Devin Vassell,SG,23,SAS,21,15,623,8.0,17.2,.466,3.2,8.6,.369,4.9,8.6,.564,2.8,3.6,.790,0.5,3.6,4.2,3.4,1.1,0.2,1.7,1.3,22.1,vassede01
461,Sasha Vezenkov,PF,28,SAC,23,0,322,5.7,13.1,.436,3.1,8.3,.378,2.6,4.8,.535,0.7,0.9,.750,2.0,5.4,7.4,1.3,1.3,0.7,0.9,2.8,15.2,vezenal01
462,Gabe Vincent,PG,27,LAL,5,0,127,3.4,9.1,.375,0.6,4.8,.118,2.8,4.3,.667,0.3,0.6,.500,0.6,0.9,1.4,4.3,1.7,0.0,0.6,3.4,7.7,vincega01
463,Nikola Vučević,C,33,CHI,29,29,994,7.3,16.3,.449,1.2,3.9,.294,6.2,12.4,.499,1.6,1.9,.865,3.0,8.0,11.0,3.6,0.9,0.8,1.8,2.8,17.4,vucevni01
464,Dean Wade,PF,27,CLE,21,14,441,2.8,6.8,.410,2.2,6.0,.365,0.6,0.7,.778,0.9,1.1,.786,2.2,5.3,7.5,1.6,1.6,0.5,0.8,4.0,8.7,wadede01
465,Franz Wagner,SF,22,ORL,26,26,865,7.9,17.6,.446,1.5,5.3,.283,6.4,12.4,.515,4.2,5.0,.840,1.2,5.0,6.2,4.2,1.2,0.4,1.8,2.3,21.4,wagnefr01
466,Moritz Wagner,C,26,ORL,26,0,488,8.7,14.2,.615,1.0,3.0,.341,7.7,11.1,.689,3.8,4.9,.776,2.9,5.0,7.9,2.1,0.9,0.7,2.8,4.9,22.3,wagnemo01
467,Ish Wainright,SF,29,POR,2,0,5,0.0,7.2,.000,0.0,7.2,.000,0.0,0.0,,0.0,0.0,,0.0,0.0,0.0,0.0,7.2,0.0,0.0,7.2,0.0,wainris01
468,Jabari Walker,SF,21,POR,26,0,457,5.6,12.1,.464,1.0,3.9,.265,4.6,8.2,.558,2.8,3.5,.778,3.2,6.7,9.9,1.3,1.5,0.8,1.7,4.5,15.0,walkeja01
469,Jarace Walker,PF,20,IND,8,0,84,5.1,12.0,.429,1.3,4.7,.273,3.9,7.3,.529,1.3,1.3,1.000,0.4,4.7,5.1,4.7,1.7,1.3,1.3,4.7,12.9,walkeja02
470,Lonnie Walker IV,SG,25,BRK,17,0,362,8.8,17.9,.489,4.4,9.4,.463,4.4,8.5,.518,2.9,3.8,.763,0.3,4.2,4.5,2.8,1.0,0.7,2.5,1.6,24.8,walkelo01
471,Cason Wallace,SG,20,OKC,25,5,545,4.6,8.0,.579,1.8,3.6,.500,2.8,4.4,.642,0.8,1.0,.800,0.8,2.9,3.7,2.3,0.9,0.7,0.9,2.8,11.8,wallaca01
472,P.J. Washington,PF,25,CHO,23,13,691,6.0,14.1,.424,2.3,7.2,.326,3.6,6.9,.526,1.7,2.2,.744,1.4,4.7,6.1,2.9,1.0,1.0,1.7,3.3,16.0,washipj01
473,TyTy Washington Jr.,PG,22,MIL,2,0,6,6.0,18.0,.333,6.0,12.0,.500,0.0,6.0,.000,0.0,0.0,,0.0,6.0,6.0,0.0,6.0,0.0,12.0,0.0,18.0,washity02
474,Yuta Watanabe,SF,29,PHO,19,0,328,3.1,8.8,.350,2.5,7.2,.348,0.5,1.5,.357,1.0,1.4,.692,1.1,3.2,4.3,1.1,0.8,0.8,1.5,3.2,9.7,watanyu01
475,Lindy Waters III,SG,26,OKC,9,0,70,4.6,11.3,.409,4.1,10.8,.381,0.5,0.5,1.000,0.0,0.0,,0.5,2.6,3.1,3.1,0.0,0.5,0.0,3.1,13.4,waterli01
476,Trendon Watford,PF,23,BRK,20,0,280,6.8,13.0,.525,0.8,2.4,.316,6.0,10.5,.573,2.1,2.3,.889,2.4,6.4,8.9,4.9,1.2,0.9,2.7,4.9,16.5,watfotr01
477,Peyton Watson,SF,21,DEN,27,0,452,5.0,9.7,.516,0.9,2.6,.333,4.1,7.1,.584,1.8,2.9,.639,1.4,4.1,5.4,2.3,1.2,2.0,1.3,3.5,12.7,watsope01
478,Victor Wembanyama,PF,20,SAS,24,24,732,8.4,19.2,.436,1.7,6.0,.281,6.7,13.2,.506,4.0,5.1,.786,2.9,10.1,12.9,3.2,1.6,3.5,4.0,3.1,22.4,wembavi01
479,Blake Wesley,SG,20,SAS,6,0,26,4.2,11.1,.375,0.0,1.4,.000,4.2,9.7,.429,1.4,2.8,.500,1.4,1.4,2.8,8.3,0.0,1.4,1.4,4.2,9.7,weslebl01
480,Russell Westbrook,PG,35,LAC,27,10,650,6.8,14.7,.459,0.9,3.5,.270,5.8,11.2,.517,2.2,3.7,.606,2.3,7.0,9.3,7.0,1.7,0.7,3.4,3.1,16.7,westbru01
481,Coby White,PG,23,CHI,29,29,1005,6.4,14.2,.449,3.3,7.7,.426,3.1,6.4,.478,2.1,2.5,.831,0.5,3.7,4.2,5.1,0.9,0.3,1.9,2.7,18.2,whiteco01
482,Derrick White,SG,29,BOS,24,24,782,6.0,12.2,.492,3.1,7.2,.429,2.9,5.1,.582,3.0,3.5,.868,0.9,3.5,4.4,5.6,1.4,1.3,1.9,2.3,18.2,whitede01
483,Cam Whitmore,SF,19,HOU,5,0,32,7.9,16.9,.467,1.1,5.6,.200,6.8,11.3,.600,5.6,11.3,.500,1.1,7.9,9.0,2.3,1.1,0.0,2.3,2.3,22.5,whitmca01
484,Aaron Wiggins,SG,25,OKC,23,0,272,5.8,9.7,.603,1.5,3.0,.478,4.4,6.6,.660,2.3,3.0,.739,1.9,4.2,6.1,2.1,1.3,0.1,1.6,2.9,15.4,wiggiaa01
485,Andrew Wiggins,SF,28,GSW,25,21,664,6.4,15.2,.420,1.3,4.3,.300,5.1,10.9,.468,2.6,3.9,.667,2.7,3.5,6.2,1.5,0.4,0.5,2.3,3.2,16.7,wiggian01
486,Lindell Wigginton,PG,25,MIL,3,0,8,9.0,22.5,.400,0.0,9.0,.000,9.0,13.5,.667,9.0,9.0,1.000,0.0,0.0,0.0,0.0,0.0,0.0,4.5,4.5,27.0,wiggili01
487,Grant Williams,PF,25,DAL,24,24,708,4.0,9.5,.425,2.6,6.6,.395,1.4,2.9,.491,1.1,1.6,.656,1.5,3.2,4.7,2.1,0.4,0.7,1.0,3.5,11.7,willigr01
488,Jalen Williams,PF,22,OKC,22,22,708,7.2,14.6,.495,1.1,3.2,.355,6.1,11.4,.533,3.6,4.1,.877,0.4,4.1,4.5,4.1,1.0,0.4,1.9,3.1,19.2,willija06
489,Jaylin Williams,C,21,OKC,20,0,262,4.0,10.2,.392,2.3,6.3,.370,1.6,3.8,.429,1.8,1.9,.929,1.6,7.8,9.5,3.7,1.0,0.3,1.4,4.8,12.1,willija07
490,Jeenathan Williams,SG,24,HOU,4,0,22,9.8,18.0,.545,0.0,3.3,.000,9.8,14.7,.667,1.6,3.3,.500,0.0,0.0,0.0,3.3,1.6,0.0,0.0,3.3,21.3,willije02
491,Kenrich Williams,PF,29,OKC,15,0,219,4.8,9.7,.492,2.0,4.6,.429,2.8,5.1,.548,0.5,1.6,.300,1.8,5.1,6.9,3.6,0.8,0.3,0.7,4.4,12.0,willike04
492,Mark Williams,C,22,CHO,19,19,508,6.9,10.7,.649,0.0,0.0,,6.9,10.7,.649,3.3,4.5,.719,5.4,7.7,13.0,1.6,1.1,1.4,1.2,3.5,17.1,willima07
493,Patrick Williams,PF,22,CHI,29,19,788,4.7,10.6,.442,1.8,4.3,.411,2.9,6.3,.464,1.6,2.2,.735,1.6,4.0,5.6,1.9,1.2,1.2,1.5,2.4,12.8,willipa01
494,Robert Williams,C,26,POR,6,0,119,5.1,7.9,.654,0.0,0.0,,5.1,7.9,.654,2.1,2.7,.778,3.3,8.2,11.5,1.5,2.1,2.1,2.1,5.1,12.4,williro04
495,Vince Williams Jr.,SG,23,MEM,18,4,335,3.3,7.6,.437,2.4,6.0,.393,1.0,1.6,.600,2.0,2.5,.826,1.5,6.9,8.4,2.6,0.6,1.1,1.4,4.3,11.1,willivi01
496,Ziaire Williams,SF,22,MEM,24,8,480,4.9,12.5,.389,1.9,6.3,.310,2.9,6.2,.470,2.2,2.4,.906,1.1,6.1,7.3,2.5,0.7,0.4,2.3,3.2,13.9,willizi02
497,Zion Williamson,PF,23,NOP,23,23,701,10.3,17.9,.578,0.1,0.4,.286,10.2,17.5,.584,5.3,8.1,.652,2.4,4.5,6.8,5.4,1.2,0.4,2.9,3.1,26.0,willizi01
498,Jalen Wilson,PF,23,BRK,7,0,52,4.2,6.2,.667,1.4,2.1,.667,2.8,4.2,.667,2.8,2.8,1.000,2.1,3.5,5.5,2.8,0.7,0.7,1.4,2.1,12.5,wilsoja03
499,Dylan Windler,SF,27,NYK,3,0,7,5.1,10.3,.500,5.1,10.3,.500,0.0,0.0,,0.0,0.0,,0.0,5.1,5.1,5.1,0.0,0.0,0.0,5.1,15.4,windldy01
500,James Wiseman,C,22,DET,17,0,242,7.9,11.0,.716,0.0,0.1,.000,7.9,10.9,.726,2.2,3.6,.625,3.4,7.1,10.6,1.9,0.6,1.5,2.4,5.8,18.0,wisemja01
501,Christian Wood,PF,28,LAL,25,1,486,4.7,10.1,.463,1.3,4.5,.279,3.4,5.6,.613,2.5,4.1,.618,1.8,8.8,10.6,1.7,0.4,1.1,2.2,3.0,13.1,woodch01
502,Delon Wright,PG,31,WAS,8,0,141,2.8,7.7,.367,1.0,2.8,.364,1.8,4.9,.368,3.6,4.1,.875,0.8,4.3,5.1,8.9,3.3,0.3,1.0,1.5,10.2,wrighde01
503,Thaddeus Young,PF,35,TOR,4,0,13,5.5,11.1,.500,0.0,0.0,,5.5,11.1,.500,0.0,5.5,.000,2.8,5.5,8.3,8.3,0.0,0.0,2.8,0.0,11.1,youngth01
504,Trae Young,PG,25,ATL,25,25,900,8.8,20.2,.434,3.5,9.0,.387,5.3,11.2,.471,7.2,8.3,.870,0.6,2.4,3.0,11.1,1.3,0.2,4.2,1.8,28.2,youngtr01
505,Omer Yurtseven,C,25,UTA,18,6,227,5.6,10.8,.515,0.5,2.1,.231,5.1,8.7,.582,1.0,1.3,.750,4.8,9.0,13.8,2.1,0.6,1.6,3.0,4.9,12.5,yurtsom01
506,Cody Zeller,C,31,NOP,22,0,221,2.1,6.4,.333,0.0,0.2,.000,2.1,6.2,.342,2.4,4.2,.577,4.4,6.7,11.1,4.2,0.7,0.5,1.3,4.7,6.7,zelleco01
507,Ivica Zubac,C,26,LAC,27,27,724,7.0,11.2,.627,0.0,0.0,,7.0,11.2,.627,2.3,3.8,.618,4.1,8.4,12.5,1.4,0.3,2.0,1.5,3.7,16.4,zubaciv01