,,,,,,,,,,% of FGA by Distance,% of FGA by Distance,% of FGA by Distance,% of FGA by Distance,% of FGA by Distance,% of FGA by Distance,,FG% by Distance,FG% by Distance,FG% by Distance,FG% by Distance,FG% by Distance,FG% by Distance,,% of FG Ast'd,% of FG Ast'd,,Dunks,Dunks,,Corner 3s,Corner 3s,,Heaves,Heaves,-additional
Rk,Player,Pos,Age,Tm,G,MP,FG%,Dist.,,2P,0-3,3-10,10-16,16-3P,3P,,2P,0-3,3-10,10-16,16-3P,3P,,2P,3P,,%FGA,#,,%3PA,3P%,,Att.,#,-9999
1,Precious Achiuwa,C,24,TOR,21,387,.477,9.4,,.722,.444,.225,.040,.013,.278,,.541,.642,.412,.167,.500,.310,,.644,1.000,,.139,18,,.357,.333,,0,0,achiupr01
2,Bam Adebayo,C,26,MIA,18,603,.514,9.0,,.990,.252,.266,.352,.121,.010,,.516,.740,.377,.480,.457,.333,,.561,1.000,,.141,33,,.000,,,0,0,adebaba01
3,Ochai Agbaji,SG,23,UTA,28,590,.450,16.1,,.425,.206,.169,.031,.019,.575,,.544,.636,.481,.400,.333,.380,,.784,.971,,.069,9,,.402,.622,,0,0,agbajoc01
4,Santi Aldama,PF,23,MEM,20,501,.438,14.7,,.519,.197,.255,.048,.019,.481,,.528,.659,.434,.400,.750,.340,,.632,.912,,.063,12,,.340,.235,,0,0,aldamsa01
5,Nickeil Alexander-Walker,SG,25,MIN,26,609,.416,18.2,,.354,.149,.137,.025,.043,.646,,.509,.542,.364,.750,.714,.365,,.448,.974,,.031,5,,.442,.370,,1,0,alexani01
6,Grayson Allen,SG,28,PHO,22,731,.486,16.6,,.422,.243,.151,.022,.005,.578,,.538,.667,.393,.250,.000,.449,,.524,.896,,.038,7,,.215,.565,,0,0,allengr01
7,Jarrett Allen,C,25,CLE,23,669,.668,3.4,,1.000,.626,.294,.075,.005,.000,,.668,.718,.582,.571,1.000,,,.800,,,.278,45,,,,,0,0,allenja01
8,Jose Alvarado,PG,25,NOP,14,236,.410,16.7,,.446,.145,.241,.060,.000,.554,,.405,.500,.300,.600,,.413,,.467,.895,,.000,0,,.239,.364,,0,0,alvarjo01
9,Kyle Anderson,PF,30,MIN,26,598,.456,9.0,,.872,.228,.463,.154,.027,.128,,.508,.588,.493,.391,.750,.105,,.515,1.000,,.020,3,,.421,.250,,1,0,anderky01
10,Giannis Antetokounmpo,PF,29,MIL,26,903,.611,6.9,,.907,.506,.270,.060,.072,.093,,.651,.817,.496,.310,.343,.222,,.470,.500,,.173,81,,.000,,,0,0,antetgi01
11,Thanasis Antetokounmpo,PF,31,MIL,12,55,.444,3.8,,1.000,.778,.111,.000,.111,.000,,.444,.429,1.000,,.000,,,.750,,,.333,2,,,,,0,0,antetth01
12,Cole Anthony,PG,23,ORL,26,653,.459,14.1,,.661,.205,.237,.124,.095,.339,,.503,.621,.552,.343,.333,.375,,.351,.861,,.014,4,,.156,.333,,0,0,anthoco01
13,OG Anunoby,SF,26,TOR,23,763,.469,15.4,,.473,.265,.116,.058,.033,.527,,.577,.740,.313,.375,.556,.372,,.720,.963,,.120,28,,.421,.426,,0,0,anunoog01
14,Ryan Arcidiacono,PG,29,NYK,9,20,.000,26.4,,.000,.000,.000,.000,.000,1.000,,,,,,,.000,,,,,.000,0,,.000,,,0,0,arcidry01
15,Deni Avdija,SF,23,WAS,26,699,.498,11.1,,.700,.348,.258,.047,.047,.300,,.564,.728,.450,.091,.455,.343,,.522,.917,,.052,11,,.343,.417,,1,0,avdijde01
16,Deandre Ayton,C,25,POR,22,696,.557,8.4,,1.000,.246,.355,.250,.149,.000,,.557,.714,.543,.386,.618,,,.717,,,.101,20,,,,,0,0,aytonde01
17,Udoka Azubuike,C,24,PHO,2,9,1.000,1.6,,1.000,1.000,.000,.000,.000,.000,,1.000,1.000,,,,,,1.000,,,1.000,1,,,,,0,0,azubuud01
18,Marvin Bagley III,C,24,DET,22,411,.573,4.7,,.968,.548,.293,.096,.032,.032,,.586,.686,.522,.400,.000,.200,,.640,1.000,,.204,29,,.200,.000,,0,0,baglema01
19,Amari Bailey,PG,19,CHO,2,11,.333,17.7,,.667,.167,.000,.167,.333,.333,,.500,1.000,,.000,.500,.000,,.500,,,.167,1,,.000,,,0,0,baileam01
20,Patrick Baldwin Jr.,SF,21,WAS,7,39,.385,12.5,,.615,.538,.000,.000,.077,.385,,.250,.286,,,.000,.600,,1.000,1.000,,.077,1,,.000,,,0,0,baldwpa01
21,LaMelo Ball,PG,22,CHO,15,501,.443,15.1,,.550,.198,.275,.054,.023,.450,,.488,.678,.415,.375,.000,.388,,.125,.577,,.003,0,,.164,.500,,0,0,ballla01
22,Mo Bamba,C,25,PHI,15,91,.541,9.3,,.730,.568,.081,.027,.054,.270,,.556,.524,.667,1.000,.500,.500,,.667,1.000,,.216,8,,.200,.000,,0,0,bambamo01
23,Paolo Banchero,PF,21,ORL,26,875,.471,11.6,,.786,.228,.286,.175,.096,.214,,.498,.716,.420,.397,.400,.371,,.344,.758,,.041,16,,.090,.125,,0,0,banchpa01
24,Desmond Bane,SG,25,MEM,25,860,.465,16.0,,.543,.205,.176,.072,.091,.457,,.536,.737,.376,.571,.364,.380,,.390,.595,,.008,4,,.145,.438,,2,0,banede01
25,Dalano Banton,PG,24,BOS,12,94,.483,10.0,,.724,.310,.379,.034,.000,.276,,.619,.667,.636,.000,,.125,,.308,1.000,,.069,2,,.500,.250,,0,0,bantoda01
26,Dominick Barlow,PF,20,SAS,8,45,.333,11.1,,.778,.222,.333,.111,.111,.222,,.429,.500,.667,.000,.000,.000,,.667,,,.000,0,,1.000,.000,,0,0,barlodo01
27,Harrison Barnes,PF,31,SAC,26,795,.486,15.8,,.463,.178,.224,.047,.014,.537,,.586,.789,.500,.300,.333,.400,,.638,.935,,.056,10,,.470,.426,,0,0,barneha02
28,Scottie Barnes,SG,22,TOR,27,944,.493,12.9,,.674,.251,.265,.087,.070,.326,,.547,.720,.460,.243,.633,.381,,.484,.887,,.075,32,,.173,.375,,1,0,barnesc01
29,RJ Barrett,SG,23,NYK,22,643,.426,12.0,,.669,.288,.242,.104,.034,.331,,.468,.628,.367,.294,.364,.343,,.539,1.000,,.031,8,,.361,.436,,0,0,barrerj01
30,Charles Bassey,C,23,SAS,19,205,.725,5.0,,.975,.650,.100,.200,.025,.025,,.744,.846,.750,.500,.000,.000,,.793,,,.250,10,,.000,,,0,0,bassech01
31,Emoni Bates,SF,20,CLE,7,52,.267,23.7,,.200,.067,.000,.000,.133,.800,,.333,.000,,,.500,.250,,.000,1.000,,.000,0,,.167,.500,,0,0,batesem01
32,Keita Bates-Diop,SF,28,PHO,22,387,.398,11.9,,.612,.320,.214,.078,.000,.388,,.492,.606,.364,.375,,.250,,.710,.900,,.107,10,,.575,.261,,0,0,bateske01
33,Nicolas Batum,PF,35,TOT,20,478,.541,19.8,,.243,.176,.027,.014,.027,.757,,.778,.769,1.000,1.000,.500,.464,,.643,1.000,,.041,3,,.464,.500,,0,0,batumni01
33,Nicolas Batum,PF,35,LAC,3,54,.375,22.0,,.125,.000,.125,.000,.000,.875,,1.000,,1.000,,,.286,,1.000,1.000,,.125,1,,.571,.500,,0,0,batumni01
33,Nicolas Batum,PF,35,PHI,17,424,.561,19.6,,.258,.197,.015,.015,.030,.742,,.765,.769,1.000,1.000,.500,.490,,.615,1.000,,.030,2,,.449,.500,,0,0,batumni01
34,Bradley Beal,SG,30,PHO,6,151,.449,14.0,,.696,.203,.203,.159,.130,.304,,.458,.500,.643,.182,.444,.429,,.636,1.000,,.014,1,,.286,.500,,0,0,bealbr01
35,Malik Beasley,SG,27,MIL,25,755,.482,20.4,,.279,.072,.131,.036,.041,.721,,.565,.688,.552,.500,.444,.450,,.600,.944,,.014,2,,.356,.544,,0,0,beaslma01
36,MarJon Beauchamp,SF,23,MIL,23,375,.484,14.5,,.571,.308,.099,.044,.121,.429,,.519,.643,.333,.500,.364,.436,,.519,.941,,.088,5,,.436,.471,,0,0,beaucma01
37,Jules Bernard,SG,24,WAS,2,10,.200,17.0,,.400,.400,.000,.000,.000,.600,,.500,.500,,,,.000,,.000,,,.000,0,,.000,,,0,0,bernaju01
38,Dāvis Bertāns,PF,31,OKC,9,71,.368,24.6,,.053,.000,.000,.053,.000,.947,,.000,,,.000,,.389,,,.857,,.000,0,,.444,.375,,0,0,bertada01
39,Patrick Beverley,PG,35,PHI,27,465,.421,16.4,,.486,.159,.234,.093,.000,.514,,.538,.647,.560,.300,,.309,,.393,.765,,.000,0,,.200,.364,,0,0,beverpa01
40,Saddiq Bey,SF,24,ATL,27,855,.462,14.4,,.498,.304,.143,.040,.011,.502,,.574,.675,.436,.273,.667,.350,,.423,1.000,,.070,18,,.460,.286,,1,0,beysa01
41,Goga Bitadze,C,24,ORL,24,506,.597,3.0,,.958,.739,.210,.000,.008,.042,,.614,.705,.320,,.000,.200,,.714,1.000,,.303,32,,.200,.000,,0,0,bitadgo01
42,Onuralp Bitim,SG,24,CHI,1,3,,,,,,,,,,,,,,,,,,,,,,0,,,,,0,0,bitimon01
43,Bismack Biyombo,C,31,MEM,19,493,.586,3.9,,1.000,.460,.529,.011,.000,.000,,.586,.725,.478,.000,,,,.745,,,.184,15,,,,,0,0,biyombi01
44,Anthony Black,PG,20,ORL,24,469,.500,11.8,,.635,.375,.167,.073,.021,.365,,.607,.722,.500,.429,.000,.314,,.757,1.000,,.146,12,,.600,.286,,0,0,blackan01
45,Leaky Black,SF,24,CHO,7,40,.625,7.3,,.750,.500,.250,.000,.000,.250,,.667,1.000,.000,,,.500,,.750,1.000,,.125,1,,1.000,.500,,0,0,blackle01
46,Bogdan Bogdanović,SG,31,ATL,25,701,.469,19.3,,.386,.112,.133,.083,.059,.614,,.557,.684,.556,.464,.450,.413,,.671,.837,,.012,4,,.168,.571,,1,0,bogdabo01
47,Bojan Bogdanović,PF,34,DET,8,251,.496,16.5,,.496,.137,.171,.162,.026,.504,,.569,.688,.550,.474,.667,.424,,.485,.800,,.000,0,,.271,.438,,0,0,bogdabo02
48,Bol Bol,PF,24,PHO,6,15,.667,11.1,,.667,.333,.333,.000,.000,.333,,1.000,1.000,1.000,,,.000,,1.000,,,.000,0,,1.000,.000,,0,0,bolbo01
49,Marques Bolden,C,25,MIL,2,3,,,,,,,,,,,,,,,,,,,,,,0,,,,,0,0,boldema01
50,Devin Booker,SG,27,PHO,18,643,.476,14.4,,.735,.158,.194,.214,.169,.265,,.510,.768,.391,.487,.433,.383,,.391,.500,,.020,4,,.053,.000,,0,0,bookede01
51,Brandon Boston Jr.,SF,22,LAC,2,11,.571,18.2,,.571,.000,.143,.286,.143,.429,,.750,,1.000,1.000,.000,.333,,.000,.000,,.000,0,,.000,,,0,0,bostobr01
52,Chris Boucher,PF,31,TOR,25,354,.450,11.6,,.608,.392,.183,.008,.025,.392,,.521,.681,.273,.000,.000,.340,,.658,1.000,,.067,6,,.511,.250,,0,0,bouchch01
53,James Bouknight,SG,23,CHO,3,18,.545,22.9,,.091,.091,.000,.000,.000,.909,,1.000,1.000,,,,.500,,.000,.400,,.000,0,,.200,.000,,0,0,bouknja01
54,Jamaree Bouyea,PG,24,POR,6,57,.238,15.6,,.619,.238,.333,.000,.048,.381,,.385,.600,.143,,1.000,.000,,.400,,,.000,0,,.000,,,1,0,bouyeja01
55,Malaki Branham,SG,20,SAS,26,578,.444,15.4,,.606,.153,.176,.185,.093,.394,,.527,.788,.289,.625,.350,.318,,.594,.926,,.019,4,,.224,.263,,0,0,branhma01
56,Christian Braun,SG,22,DEN,29,587,.478,9.9,,.741,.328,.338,.030,.045,.259,,.510,.758,.338,.000,.333,.385,,.711,1.000,,.075,13,,.269,.286,,0,0,braunch01
57,Mikal Bridges,SF,27,BRK,27,938,.457,13.8,,.651,.204,.187,.182,.077,.349,,.500,.667,.424,.458,.343,.377,,.412,.850,,.015,7,,.428,.456,,0,0,bridgmi01
58,Miles Bridges,SF,25,CHO,15,544,.470,12.9,,.657,.331,.203,.047,.076,.343,,.542,.692,.417,.273,.389,.333,,.702,.852,,.068,15,,.136,.364,,2,0,bridgmi02
59,Oshae Brissett,SF,25,BOS,13,130,.440,13.1,,.560,.160,.400,.000,.000,.440,,.571,.750,.500,,,.273,,.875,1.000,,.200,5,,.545,.167,,0,0,brissos01
60,Malcolm Brogdon,PG,31,POR,19,519,.421,15.7,,.591,.198,.147,.123,.123,.409,,.443,.580,.432,.419,.258,.388,,.227,.675,,.004,0,,.165,.471,,0,0,brogdma01
61,Armoni Brooks,PG,25,BRK,7,64,.333,19.8,,.296,.148,.111,.000,.037,.704,,.250,.000,.667,,.000,.368,,1.000,1.000,,.000,0,,.053,.000,,0,0,brookar01
62,Dillon Brooks,SF,28,HOU,25,795,.483,15.0,,.557,.192,.244,.092,.030,.443,,.536,.769,.394,.480,.375,.417,,.617,.980,,.011,3,,.167,.450,,2,0,brookdi01
63,Bruce Brown,SG,27,IND,26,800,.460,13.5,,.643,.194,.254,.155,.040,.357,,.549,.735,.469,.462,.500,.300,,.528,.889,,.024,6,,.444,.350,,1,0,brownbr01
64,Charlie Brown Jr.,SG,26,NYK,1,2,.000,22.7,,.000,.000,.000,.000,.000,1.000,,,,,,,.000,,,,,.000,0,,1.000,.000,,0,0,brownch02
65,Greg Brown III,PF,22,DAL,3,11,1.000,1.6,,1.000,1.000,.000,.000,.000,.000,,1.000,1.000,,,,,,1.000,,,.500,1,,,,,0,0,browngr01
66,Jaylen Brown,SF,27,BOS,26,884,.478,13.7,,.652,.228,.236,.116,.072,.348,,.556,.736,.439,.554,.371,.333,,.429,.679,,.091,37,,.137,.348,,0,0,brownja02
67,Kobe Brown,PF,24,LAC,17,164,.375,18.2,,.350,.225,.050,.050,.025,.650,,.500,.667,.000,.000,1.000,.308,,.714,1.000,,.050,2,,.385,.200,,0,0,brownko01
68,Moses Brown,C,24,POR,5,35,.500,3.1,,1.000,.417,.583,.000,.000,.000,,.500,.400,.571,,,,,.667,,,.333,2,,,,,0,0,brownmo01
69,Troy Brown Jr.,SF,24,MIN,22,334,.462,19.6,,.312,.151,.075,.043,.043,.688,,.621,.786,.286,.500,.750,.391,,.556,.920,,.000,0,,.359,.435,,1,0,browntr01
70,Jalen Brunson,PG,27,NYK,27,958,.472,15.6,,.652,.106,.220,.195,.130,.348,,.480,.611,.455,.434,.485,.458,,.277,.593,,.000,0,,.107,.526,,0,0,brunsja01
71,Thomas Bryant,C,26,MIA,18,223,.556,5.7,,.958,.486,.319,.083,.069,.042,,.580,.743,.522,.333,.000,.000,,.675,,,.292,19,,.000,,,0,0,bryanth01
72,Kobe Bufkin,SG,20,ATL,2,4,.000,16.4,,.667,.000,.333,.333,.000,.333,,.000,,.000,.000,,.000,,,,,.000,0,,.000,,,0,0,bufkiko01
73,Reggie Bullock,SF,32,HOU,11,93,.350,23.1,,.150,.050,.000,.000,.100,.850,,.333,1.000,,,.000,.353,,1.000,.833,,.000,0,,.471,.500,,0,0,bullore01
74,Alec Burks,SG,32,DET,20,359,.331,18.6,,.408,.108,.134,.096,.070,.592,,.313,.529,.190,.333,.182,.344,,.500,.875,,.000,0,,.290,.296,,0,0,burksal01
75,Jared Butler,SG,23,WAS,13,103,.500,15.4,,.526,.289,.237,.000,.000,.474,,.650,.909,.333,,,.333,,.462,.833,,.053,2,,.056,1.000,,1,0,butleja02
76,Jimmy Butler,PF,34,MIA,23,783,.462,9.9,,.841,.246,.354,.177,.063,.159,,.479,.659,.407,.373,.476,.377,,.455,.800,,.048,14,,.453,.458,,0,0,butleji01
77,Jamal Cain,PF,24,MIA,8,113,.448,14.8,,.483,.241,.138,.069,.034,.517,,.643,.571,.500,1.000,1.000,.267,,.778,1.000,,.103,3,,.533,.250,,0,0,cainja01
78,Kentavious Caldwell-Pope,SG,30,DEN,27,880,.465,16.5,,.559,.188,.080,.108,.183,.441,,.504,.550,.529,.391,.513,.415,,.767,.974,,.005,1,,.383,.528,,0,0,caldwke01
79,Toumani Camara,PF,23,POR,26,658,.412,13.3,,.535,.312,.200,.024,.000,.465,,.505,.642,.294,.500,,.304,,.478,1.000,,.071,11,,.392,.290,,0,0,camarto01
80,Clint Capela,C,29,ATL,26,670,.583,2.2,,1.000,.735,.256,.004,.004,.000,,.583,.616,.509,.000,.000,,,.631,,,.247,51,,,,,0,0,capelca01
81,Jevon Carter,PG,28,CHI,29,414,.377,20.6,,.352,.038,.082,.138,.094,.648,,.429,.333,.462,.455,.400,.350,,.500,.833,,.000,0,,.243,.440,,0,0,carteje01
82,Wendell Carter Jr.,C,24,ORL,6,170,.408,11.9,,.633,.388,.163,.061,.020,.367,,.452,.737,.000,.000,.000,.333,,.714,1.000,,.245,11,,.333,.500,,0,0,cartewe01
83,Alex Caruso,SG,29,CHI,23,533,.549,15.4,,.451,.292,.111,.021,.028,.549,,.646,.786,.375,.333,.500,.468,,.500,.892,,.049,6,,.380,.367,,0,0,carusal01
84,Colin Castleton,C,23,LAL,4,28,.625,2.2,,1.000,.875,.125,.000,.000,.000,,.625,.714,.000,,,,,.800,,,.250,2,,,,,0,0,castlco01
85,Malcolm Cazalon,SG,22,DET,1,3,,,,,,,,,,,,,,,,,,,,,,0,,,,,0,0,cazalma01
86,Julian Champagnie,SF,22,SAS,19,244,.384,20.2,,.256,.116,.093,.023,.023,.744,,.364,.600,.125,.000,.500,.391,,.875,.920,,.023,2,,.297,.421,,0,0,champju02
87,Max Christie,SG,20,LAL,22,362,.387,16.0,,.538,.161,.151,.183,.043,.462,,.460,.533,.214,.588,.500,.302,,.609,1.000,,.075,6,,.372,.375,,0,0,chrisma02
88,Sidy Cissoko,SF,19,SAS,1,4,,,,,,,,,,,,,,,,,,,,,,0,,,,,0,0,cissosi01
89,Jordan Clarkson,SG,31,UTA,19,586,.399,14.1,,.635,.142,.337,.115,.042,.365,,.459,.512,.464,.485,.167,.295,,.274,.581,,.014,4,,.124,.462,,1,0,clarkjo01
90,Nic Claxton,C,24,BRK,18,487,.646,3.3,,.993,.583,.382,.014,.014,.007,,.643,.762,.473,.500,.500,1.000,,.652,1.000,,.243,29,,1.000,1.000,,0,0,claxtni01
91,Noah Clowney,PF,19,BRK,1,3,,,,,,,,,,,,,,,,,,,,,,0,,,,,0,0,clownno01
92,Amir Coffey,SF,26,LAC,15,171,.395,17.0,,.395,.184,.105,.105,.000,.605,,.533,.714,.250,.500,,.304,,.750,1.000,,.000,0,,.783,.333,,1,0,coffeam01
93,John Collins,PF,26,UTA,24,726,.485,11.8,,.668,.272,.265,.063,.067,.332,,.525,.726,.437,.412,.167,.404,,.638,1.000,,.082,20,,.562,.460,,0,0,collijo01
94,Zach Collins,C,26,SAS,26,701,.481,13.2,,.629,.223,.280,.091,.034,.371,,.584,.763,.486,.625,.111,.306,,.649,1.000,,.038,10,,.082,.250,,0,0,colliza01
95,Mike Conley,PG,36,MIN,26,765,.458,18.9,,.379,.079,.150,.103,.047,.621,,.494,.647,.531,.409,.300,.436,,.375,.793,,.000,0,,.271,.556,,0,0,conlemi01
96,Pat Connaughton,SF,31,MIL,21,464,.413,17.7,,.337,.202,.125,.000,.010,.663,,.571,.667,.385,,1.000,.333,,.550,.957,,.010,0,,.406,.429,,0,0,connapa01
97,Bilal Coulibaly,SF,19,WAS,25,673,.521,14.0,,.539,.293,.180,.030,.036,.461,,.611,.776,.433,.400,.333,.416,,.582,.938,,.162,24,,.429,.515,,0,0,coulibi01
98,Robert Covington,SF-PF,33,TOT,25,432,.438,16.8,,.416,.225,.157,.022,.011,.584,,.541,.550,.571,.500,.000,.365,,.800,1.000,,.034,3,,.288,.467,,0,0,covinro01
98,Robert Covington,PF,33,LAC,3,69,.333,22.2,,.111,.111,.000,.000,.000,.889,,1.000,1.000,,,,.250,,1.000,1.000,,.111,1,,.375,.333,,0,0,covinro01
98,Robert Covington,SF,33,PHI,22,363,.450,16.1,,.450,.238,.175,.025,.013,.550,,.528,.526,.571,.500,.000,.386,,.789,1.000,,.025,2,,.273,.500,,0,0,covinro01
99,Torrey Craig,SF,33,CHI,27,572,.424,15.6,,.453,.245,.151,.022,.036,.547,,.476,.618,.381,.333,.000,.382,,.533,.931,,.029,3,,.461,.343,,0,0,craigto01
100,Jae Crowder,PF,33,MIL,9,240,.532,19.8,,.340,.128,.085,.021,.106,.660,,.563,.500,.750,.000,.600,.516,,.778,.938,,.000,0,,.387,.500,,0,0,crowdja01
101,Cade Cunningham,PG,22,DET,27,935,.434,13.7,,.700,.195,.243,.152,.111,.300,,.481,.640,.368,.513,.404,.325,,.272,.740,,.019,9,,.097,.333,,2,0,cunnica01
102,Seth Curry,SG,33,DAL,21,251,.398,20.7,,.434,.036,.072,.048,.277,.566,,.389,.667,.333,.000,.435,.404,,.357,.895,,.000,0,,.277,.462,,0,0,curryse01
103,Stephen Curry,PG,35,GSW,25,847,.464,20.4,,.383,.072,.155,.061,.095,.617,,.541,.647,.479,.552,.556,.416,,.327,.612,,.000,0,,.072,.476,,2,0,curryst01
104,Dyson Daniels,PG,20,NOP,28,666,.398,14.8,,.561,.199,.257,.099,.006,.439,,.510,.559,.523,.412,.000,.253,,.510,1.000,,.041,4,,.307,.348,,3,0,daniedy01
105,Anthony Davis,C,30,LAL,26,919,.546,6.7,,.951,.419,.322,.127,.083,.049,,.557,.702,.511,.382,.278,.333,,.694,.857,,.153,59,,.095,.000,,0,0,davisan02
106,Johnny Davis,SG,21,WAS,14,128,.475,7.8,,.925,.325,.425,.150,.025,.075,,.486,.692,.471,.167,.000,.333,,.444,1.000,,.025,1,,.333,.000,,1,0,davisjo06
107,Dexter Dennis,SG,24,DAL,2,7,.333,15.0,,.500,.333,.000,.167,.000,.500,,.667,1.000,,.000,,.000,,.500,,,.000,0,,.000,,,0,0,dennide01
108,DeMar DeRozan,SF,34,CHI,27,982,.451,13.4,,.849,.179,.166,.229,.274,.151,,.468,.723,.455,.434,.339,.357,,.283,1.000,,.026,11,,.329,.391,,0,0,derozde01
109,Moussa Diabaté,C,22,LAC,9,55,.500,3.3,,1.000,.556,.389,.056,.000,.000,,.500,.700,.286,.000,,,,.556,,,.333,4,,,,,0,0,diabamo01
110,Gradey Dick,SG,20,TOR,17,227,.284,19.1,,.343,.134,.104,.060,.045,.657,,.348,.444,.286,.000,.667,.250,,.750,1.000,,.030,1,,.273,.250,,0,0,dickgr01
111,Ousmane Dieng,PF,20,OKC,16,183,.426,18.7,,.315,.204,.074,.019,.019,.685,,.647,.909,.000,1.000,.000,.324,,1.000,1.000,,.130,7,,.270,.500,,0,0,diengou01
112,Spencer Dinwiddie,PG,30,BRK,26,827,.404,17.0,,.452,.147,.212,.064,.029,.548,,.504,.587,.515,.400,.222,.322,,.169,.673,,.013,2,,.175,.400,,2,0,dinwisp01
113,Donte DiVincenzo,SG,27,NYK,27,556,.455,19.4,,.278,.192,.061,.015,.010,.722,,.473,.500,.417,.333,.500,.448,,.731,.984,,.020,3,,.287,.610,,0,0,divindo01
114,Luka Dončić,PG,24,DAL,26,962,.485,16.9,,.558,.105,.201,.184,.068,.442,,.571,.825,.612,.432,.439,.376,,.125,.290,,.000,0,,.023,.167,,1,0,doncilu01
115,Luguentz Dort,SF,24,OKC,24,671,.446,15.8,,.457,.274,.108,.032,.043,.543,,.494,.588,.400,.500,.125,.406,,.571,.976,,.038,7,,.327,.364,,0,0,dortlu01
116,Ayo Dosunmu,SG,24,CHI,27,564,.484,15.0,,.529,.261,.124,.065,.078,.471,,.580,.675,.421,.600,.500,.375,,.511,.926,,.020,3,,.556,.375,,1,0,dosunay01
117,Andre Drummond,C,30,CHI,29,385,.515,3.0,,.993,.713,.250,.029,.000,.007,,.519,.567,.353,.750,,.000,,.571,,,.176,20,,.000,,,1,0,drumman01
118,Chris Duarte,SF,26,SAC,23,285,.363,17.8,,.413,.163,.100,.075,.075,.588,,.455,.769,.250,.500,.000,.298,,.800,.857,,.025,2,,.426,.300,,0,0,duartch01
119,Kris Dunn,PG,29,UTA,20,279,.494,11.4,,.711,.169,.446,.084,.012,.289,,.525,.643,.486,.571,.000,.417,,.323,1.000,,.036,3,,.458,.455,,0,0,dunnkr01
120,Kevin Durant,PF,35,PHO,23,844,.518,14.0,,.777,.144,.175,.282,.175,.223,,.532,.884,.536,.474,.333,.467,,.500,.780,,.065,31,,.140,.600,,0,0,duranke01
121,Jalen Duren,C,20,DET,14,404,.630,3.5,,.984,.591,.354,.024,.016,.016,,.640,.773,.489,.000,.000,.000,,.750,,,.331,41,,.000,,,0,0,durenja01
122,Tari Eason,PF,22,HOU,17,357,.473,10.3,,.725,.427,.176,.061,.061,.275,,.495,.571,.348,.375,.500,.417,,.532,1.000,,.122,14,,.306,.364,,0,0,easonta01
123,Anthony Edwards,SG,22,MIN,23,782,.451,14.6,,.668,.172,.208,.156,.133,.332,,.486,.711,.380,.435,.424,.381,,.326,.536,,.056,18,,.088,.385,,1,0,edwaran01
124,Kessler Edwards,SF,23,SAC,21,115,.419,17.0,,.387,.226,.129,.000,.032,.613,,.500,.714,.250,,.000,.368,,.667,1.000,,.097,2,,.421,.250,,0,0,edwarke02
125,Keon Ellis,SG,24,SAC,19,262,.446,23.5,,.138,.062,.062,.015,.000,.862,,.889,1.000,.750,1.000,,.375,,.625,.952,,.031,2,,.196,.182,,1,0,elliske01
126,Joel Embiid,C,29,PHI,24,819,.541,11.5,,.851,.243,.220,.233,.155,.149,,.578,.748,.461,.533,.543,.333,,.529,.808,,.033,14,,.026,.000,,1,0,embiijo01
127,Drew Eubanks,C,26,PHO,26,444,.607,4.9,,.982,.455,.438,.054,.036,.018,,.600,.745,.531,.333,.000,1.000,,.788,1.000,,.304,26,,1.000,1.000,,0,0,eubandr01
128,Dante Exum,PG,28,DAL,24,418,.570,11.5,,.669,.366,.225,.049,.028,.331,,.642,.788,.469,.571,.250,.426,,.541,1.000,,.070,10,,.362,.412,,2,0,exumda01
129,Bruno Fernando,C,25,ATL,7,33,.500,7.2,,.938,.375,.313,.188,.063,.063,,.533,.667,.800,.000,.000,.000,,.500,,,.125,2,,.000,,,0,0,fernabr01
130,Dorian Finney-Smith,PF,30,BRK,25,733,.464,17.6,,.333,.237,.077,.010,.010,.667,,.522,.633,.188,1.000,.000,.435,,.694,.967,,.068,11,,.355,.449,,1,0,finnedo01
131,Malachi Flynn,PG,25,TOR,27,440,.409,17.1,,.433,.181,.150,.071,.031,.567,,.491,.522,.474,.556,.250,.347,,.444,.920,,.000,0,,.208,.400,,0,0,flynnma01
132,Simone Fontecchio,SF,28,UTA,26,540,.438,18.2,,.324,.159,.131,.023,.011,.676,,.544,.607,.478,.250,1.000,.387,,.677,.978,,.040,4,,.471,.393,,0,0,fontesi01
133,Jordan Ford,PG,25,SAC,6,22,.571,18.2,,.571,.143,.000,.286,.143,.429,,.500,1.000,,.500,.000,.667,,.000,.500,,.000,0,,.333,1.000,,0,0,fordjo01
134,Trent Forrest,SG,25,ATL,7,61,.200,6.3,,.933,.267,.600,.067,.000,.067,,.214,.500,.111,.000,,.000,,.000,,,.000,0,,1.000,.000,,0,0,forretr01
135,Evan Fournier,SG,31,NYK,1,16,.167,22.1,,.333,.000,.000,.333,.000,.667,,.500,,,.500,,.000,,1.000,,,.000,0,,.250,.000,,0,0,fournev01
136,De'Aaron Fox,PG,26,SAC,20,699,.480,14.6,,.621,.136,.285,.159,.041,.379,,.530,.661,.524,.478,.333,.400,,.154,.545,,.011,4,,.103,.471,,1,0,foxde01
137,Alex Fudge,SF,20,LAL,4,14,.167,15.9,,.667,.000,.333,.167,.167,.333,,.250,,.000,1.000,.000,.000,,.000,,,.000,0,,.500,.000,,0,0,fudgeal01
138,Markelle Fultz,PG,25,ORL,5,143,.482,7.9,,.946,.357,.268,.214,.107,.054,,.509,.750,.467,.333,.167,.000,,.185,,,.071,3,,1.000,.000,,0,0,fultzma01
139,Daniel Gafford,C,25,WAS,23,583,.692,3.1,,1.000,.623,.336,.034,.007,.000,,.692,.747,.633,.400,.000,,,.762,,,.363,49,,,,,0,0,gaffoda01
140,Danilo Gallinari,PF,35,WAS,23,351,.446,18.1,,.521,.124,.116,.157,.124,.479,,.571,.867,.429,.579,.400,.310,,.472,.833,,.050,5,,.034,.500,,0,0,gallida01
141,Darius Garland,PG,24,CLE,20,680,.470,13.8,,.676,.193,.274,.128,.081,.324,,.530,.629,.500,.439,.538,.346,,.287,.667,,.000,0,,.163,.471,,0,0,garlada01
142,Luka Garza,C,25,MIN,6,18,.333,10.7,,.750,.167,.583,.000,.000,.250,,.444,.500,.429,,,.000,,.250,,,.000,0,,.000,,,0,0,garzalu01
143,Kaiser Gates,SF,27,NOP,1,7,.000,13.7,,.500,.500,.000,.000,.000,.500,,.000,.000,,,,.000,,,,,.000,0,,.000,,,0,0,gateska01
144,Keyonte George,PG,20,UTA,24,618,.361,17.9,,.470,.074,.239,.087,.070,.530,,.407,.588,.382,.400,.313,.320,,.477,.692,,.013,3,,.107,.231,,1,0,georgke01
145,Paul George,PF,33,LAC,25,871,.451,16.9,,.537,.150,.154,.127,.107,.463,,.502,.697,.471,.482,.298,.392,,.445,.663,,.034,9,,.132,.444,,1,0,georgpa01
146,Taj Gibson,PF,38,NYK,4,27,.400,13.4,,.600,.400,.000,.000,.200,.400,,.667,.500,,,1.000,.000,,.500,,,.000,0,,1.000,.000,,0,0,gibsota01
147,Josh Giddey,SG,21,OKC,25,641,.430,9.3,,.780,.320,.388,.055,.017,.220,,.463,.602,.336,.438,.800,.313,,.495,.950,,.003,1,,.375,.417,,0,0,giddejo01
148,Harry Giles,C,25,BRK,7,42,.583,9.0,,.792,.458,.208,.125,.000,.208,,.684,.818,.600,.333,,.200,,.769,1.000,,.250,5,,.000,,,0,0,gilesha01
149,Shai Gilgeous-Alexander,PG,25,OKC,24,832,.538,10.8,,.844,.259,.249,.259,.077,.156,,.578,.688,.528,.523,.553,.325,,.232,.320,,.030,14,,.052,.250,,0,0,gilgesh01
150,Anthony Gill,PF,31,WAS,17,115,.455,7.9,,.788,.394,.364,.030,.000,.212,,.577,.769,.333,1.000,,.000,,.667,,,.030,1,,.571,.000,,0,0,gillan01
151,Collin Gillespie,PG,24,DEN,11,86,.400,18.5,,.400,.100,.200,.000,.100,.600,,.625,.500,.750,,.500,.250,,.400,.667,,.000,0,,.083,.000,,0,0,gilleco01
152,Jacob Gilyard,PG,25,MEM,19,299,.414,23.2,,.155,.052,.017,.000,.086,.845,,.333,.333,.000,,.400,.429,,.000,.857,,.000,0,,.306,.400,,0,0,gilyaja01
153,Rudy Gobert,C,31,MIN,26,828,.610,2.6,,1.000,.750,.215,.015,.020,.000,,.610,.680,.419,.333,.250,,,.697,,,.455,80,,,,,0,0,goberru01
154,Jordan Goodwin,PG,25,PHO,27,495,.382,15.2,,.545,.218,.182,.097,.048,.455,,.444,.639,.300,.313,.375,.307,,.425,.913,,.006,0,,.267,.350,,0,0,goodwjo01
155,Aaron Gordon,PF,28,DEN,25,800,.515,7.5,,.821,.549,.183,.067,.022,.179,,.573,.735,.265,.167,.333,.250,,.587,.750,,.220,55,,.313,.200,,1,0,gordoaa01
156,Eric Gordon,SG,35,PHO,23,732,.458,17.5,,.416,.187,.183,.038,.008,.584,,.550,.755,.354,.500,.500,.392,,.583,.933,,.000,0,,.085,.538,,1,0,gordoer01
157,Devonte' Graham,PG,28,SAS,5,52,.333,20.7,,.333,.083,.000,.250,.000,.667,,.500,1.000,,.333,,.250,,.500,.500,,.000,0,,.125,.000,,0,0,grahade01
158,Jerami Grant,PF,29,POR,22,779,.457,13.9,,.634,.188,.261,.089,.097,.366,,.483,.629,.443,.364,.417,.412,,.368,.982,,.016,4,,.265,.417,,0,0,grantje01
159,A.J. Green,SG,24,MIL,19,147,.438,23.8,,.125,.000,.042,.042,.042,.875,,.500,,.500,.500,.500,.429,,1.000,.944,,.000,0,,.310,.615,,0,0,greenaj01
160,Danny Green,SG,36,PHI,2,18,.000,22.5,,.500,.000,.000,.000,.500,.500,,.000,,,,.000,.000,,,,,.000,0,,1.000,.000,,0,0,greenda02
161,Draymond Green,PF,33,GSW,15,377,.490,12.8,,.596,.327,.202,.058,.010,.404,,.532,.676,.429,.000,1.000,.429,,.788,1.000,,.019,2,,.333,.500,,0,0,greendr01
162,Jalen Green,SG,21,HOU,25,775,.401,15.3,,.588,.193,.204,.072,.119,.412,,.451,.671,.338,.308,.372,.329,,.427,.653,,.039,12,,.134,.400,,1,0,greenja05
163,Jeff Green,PF,37,HOU,24,377,.570,10.9,,.710,.301,.290,.075,.043,.290,,.667,.714,.630,.857,.250,.333,,.705,.889,,.097,7,,.519,.286,,0,0,greenje02
164,Josh Green,SG,23,DAL,18,454,.422,15.8,,.422,.220,.174,.018,.009,.578,,.500,.708,.211,.500,1.000,.365,,.783,.870,,.046,5,,.540,.412,,0,0,greenjo02
165,AJ Griffin,SF,20,ATL,12,110,.294,21.5,,.265,.029,.118,.059,.059,.735,,.222,1.000,.250,.000,.000,.320,,.500,.875,,.029,1,,.240,.333,,0,0,griffaj01
166,Quentin Grimes,SG,23,NYK,25,541,.381,20.3,,.226,.148,.039,.006,.032,.774,,.429,.478,.500,.000,.200,.367,,.867,.977,,.013,0,,.375,.400,,0,0,grimequ01
167,Mouhamed Gueye,PF,21,ATL,2,4,.000,22.6,,.000,.000,.000,.000,.000,1.000,,,,,,,.000,,,,,.000,0,,1.000,.000,,0,0,gueyemo02
168,Rui Hachimura,PF,25,LAL,19,442,.482,12.4,,.676,.324,.165,.094,.088,.324,,.530,.764,.214,.438,.400,.382,,.787,1.000,,.094,16,,.236,.308,,0,0,hachiru01
169,Tyrese Haliburton,PG,23,IND,23,769,.504,16.9,,.514,.163,.191,.102,.059,.486,,.579,.625,.600,.550,.435,.424,,.265,.383,,.020,8,,.058,.545,,0,0,halibty01
170,R.J. Hampton,PG,22,MIA,2,11,.500,13.7,,.500,.500,.000,.000,.000,.500,,.000,.000,,,,1.000,,,1.000,,.000,0,,.000,,,0,0,hamptrj01
171,Tim Hardaway Jr.,SF,31,DAL,24,690,.409,20.2,,.354,.081,.089,.098,.086,.646,,.496,.714,.419,.441,.433,.362,,.689,.864,,.023,7,,.223,.360,,1,0,hardati02
172,James Harden,SG,34,LAC,22,741,.474,18.0,,.427,.151,.151,.099,.026,.573,,.535,.800,.343,.478,.333,.429,,.170,.491,,.004,1,,.105,.500,,0,0,hardeja01
173,Jaden Hardy,SG,21,DAL,23,303,.392,16.0,,.534,.223,.101,.135,.074,.466,,.405,.545,.200,.550,.000,.377,,.469,.808,,.034,3,,.319,.318,,1,0,hardyja02
174,Ron Harper Jr.,PF,23,TOR,1,4,,,,,,,,,,,,,,,,,,,,,,0,,,,,0,0,harpero02
175,Gary Harris,SG,29,ORL,21,454,.421,20.2,,.281,.123,.105,.035,.018,.719,,.656,.786,.583,.500,.500,.329,,.714,.963,,.035,4,,.341,.321,,1,0,harriga01
176,Joe Harris,SG,32,DET,11,132,.323,20.1,,.226,.129,.097,.000,.000,.774,,.429,.500,.333,,,.292,,1.000,1.000,,.000,0,,.458,.455,,0,0,harrijo01
177,Tobias Harris,PF,31,PHI,27,910,.513,10.6,,.750,.332,.253,.123,.041,.250,,.570,.695,.425,.590,.385,.342,,.496,.963,,.076,22,,.253,.350,,0,0,harrito02
178,Shaquille Harrison,SG,30,MEM,3,6,.500,1.1,,1.000,1.000,.000,.000,.000,.000,,.500,.500,,,,,,1.000,,,.000,0,,,,,0,0,harrish01
179,Josh Hart,SF,28,NYK,27,748,.461,14.2,,.562,.270,.135,.112,.045,.438,,.540,.729,.375,.400,.250,.359,,.741,.893,,.022,4,,.385,.333,,0,0,hartjo01
180,Isaiah Hartenstein,C,25,NYK,27,555,.589,3.3,,.972,.673,.252,.047,.000,.028,,.596,.708,.407,.000,,.333,,.565,1.000,,.243,24,,.000,,,0,0,harteis01
181,Sam Hauser,SF,26,BOS,27,620,.462,23.1,,.137,.082,.044,.005,.005,.863,,.640,.667,.500,1.000,1.000,.433,,.625,.971,,.027,5,,.268,.524,,1,0,hausesa01
182,Jordan Hawkins,SG,21,NOP,26,632,.381,20.3,,.344,.074,.082,.061,.127,.656,,.429,.611,.400,.333,.387,.356,,.722,1.000,,.029,5,,.300,.458,,1,0,hawkijo01
183,Jaxson Hayes,C,23,LAL,25,271,.667,4.3,,.917,.729,.188,.000,.000,.083,,.727,.771,.556,,,.000,,.906,,,.417,18,,.250,.000,,0,0,hayesja02
184,Killian Hayes,PG,22,DET,25,660,.425,15.1,,.724,.061,.192,.360,.112,.276,,.471,.615,.537,.429,.417,.305,,.493,.889,,.019,4,,.288,.471,,0,0,hayeski01
185,Gordon Hayward,SF,33,CHO,23,743,.468,12.4,,.791,.206,.248,.202,.135,.209,,.493,.724,.429,.474,.289,.373,,.555,.955,,.050,13,,.271,.438,,0,0,haywago01
186,Scoot Henderson,PG,19,POR,17,447,.373,14.2,,.648,.259,.161,.130,.098,.352,,.448,.540,.419,.400,.316,.235,,.214,.563,,.036,6,,.147,.300,,1,0,hendesc01
187,Taylor Hendricks,PF,20,UTA,9,156,.383,16.1,,.404,.213,.170,.000,.021,.596,,.474,.700,.250,,.000,.321,,.778,1.000,,.128,5,,.464,.385,,0,0,hendrita01
188,Tyler Herro,SG,24,MIA,10,341,.471,16.1,,.615,.123,.176,.171,.144,.385,,.504,.522,.455,.625,.407,.417,,.345,.700,,.016,2,,.083,.500,,0,0,herroty01
189,Buddy Hield,SF,31,IND,26,668,.450,19.0,,.320,.191,.086,.014,.029,.680,,.596,.679,.542,.000,.500,.381,,.698,.875,,.011,2,,.132,.440,,0,0,hieldbu01
190,Haywood Highsmith,PF,27,MIA,18,390,.427,17.6,,.385,.208,.115,.031,.031,.615,,.568,.700,.364,.667,.333,.339,,.619,1.000,,.063,5,,.356,.429,,0,0,highsha01
191,Nate Hinton,SG,24,HOU,4,16,.500,17.2,,.500,.167,.167,.000,.167,.500,,.000,.000,.000,,.000,1.000,,,1.000,,.000,0,,.000,,,0,0,hintona01
192,D'Moi Hodge,SG,25,LAL,7,41,.333,21.8,,.200,.133,.000,.000,.067,.800,,.667,.500,,,1.000,.250,,1.000,1.000,,.000,0,,.250,.333,,0,0,hodgedm01
193,Aaron Holiday,PG,27,HOU,23,420,.455,17.2,,.478,.142,.149,.127,.060,.522,,.484,.632,.450,.471,.250,.429,,.355,.933,,.000,0,,.286,.400,,0,0,holidaa01
194,Jrue Holiday,PG,33,BOS,25,863,.448,14.9,,.581,.193,.226,.093,.070,.419,,.484,.635,.459,.240,.474,.398,,.434,.689,,.015,3,,.186,.667,,1,0,holidjr01
195,Justin Holiday,SG,34,DEN,16,260,.527,19.5,,.309,.127,.055,.018,.109,.691,,.647,1.000,.333,1.000,.333,.474,,.818,1.000,,.109,6,,.605,.565,,0,0,holidju01
196,Richaun Holmes,C,30,DAL,14,140,.455,3.0,,1.000,.697,.303,.000,.000,.000,,.455,.565,.200,,,,,.733,,,.152,5,,,,,0,0,holmeri01
197,Chet Holmgren,C,21,OKC,25,743,.521,12.6,,.651,.301,.212,.099,.038,.349,,.600,.750,.516,.448,.273,.373,,.658,.974,,.116,32,,.078,.375,,1,0,holmgch01
198,Jalen Hood-Schifino,SG,20,LAL,5,52,.222,18.4,,.556,.111,.167,.000,.278,.444,,.300,.500,.000,,.400,.125,,1.000,1.000,,.000,0,,.125,.000,,0,0,hoodsja01
199,Al Horford,C,37,BOS,23,613,.472,17.3,,.380,.211,.113,.028,.028,.620,,.648,.767,.438,.750,.500,.364,,.571,1.000,,.049,6,,.409,.389,,0,0,horfoal01
200,Talen Horton-Tucker,PG,23,UTA,28,641,.416,13.6,,.619,.199,.301,.087,.031,.381,,.463,.667,.430,.200,.222,.339,,.256,.838,,.035,8,,.220,.417,,2,0,hortota01
201,Danuel House Jr.,SF,30,PHI,16,187,.438,16.6,,.438,.313,.104,.000,.021,.563,,.476,.600,.200,,.000,.407,,.900,.909,,.042,2,,.444,.500,,2,0,houseda01
202,Caleb Houstan,SF,21,ORL,17,173,.417,23.8,,.083,.021,.042,.021,.000,.917,,.750,.000,1.000,1.000,,.386,,.667,.941,,.000,0,,.341,.400,,0,0,houstca01
203,Jett Howard,SF,20,ORL,8,34,.267,22.1,,.267,.067,.133,.000,.067,.733,,.500,.000,1.000,,.000,.182,,1.000,1.000,,.000,0,,.091,.000,,0,0,howarje01
204,Kevin Huerter,SG,25,SAC,25,637,.435,18.6,,.384,.110,.160,.093,.021,.616,,.549,.769,.553,.318,.400,.363,,.820,.943,,.013,2,,.185,.407,,0,0,huertke01
205,Jay Huff,C,25,DEN,2,2,1.000,1.6,,1.000,1.000,.000,.000,.000,.000,,1.000,1.000,,,,,,1.000,,,.000,0,,,,,0,0,huffja01
206,De'Andre Hunter,SF,26,ATL,24,727,.460,15.3,,.570,.196,.151,.162,.060,.430,,.503,.654,.450,.442,.313,.404,,.658,.826,,.034,7,,.298,.324,,0,0,huntede01
207,Bones Hyland,PG,23,LAC,13,210,.406,17.9,,.458,.094,.219,.104,.042,.542,,.455,.444,.476,.500,.250,.365,,.400,.632,,.000,0,,.115,.667,,0,0,hylanbo01
208,Joe Ingles,SF,36,ORL,24,437,.404,18.3,,.372,.064,.277,.021,.011,.628,,.400,.667,.346,.000,1.000,.407,,.357,.958,,.000,0,,.169,.500,,0,0,inglejo01
209,Brandon Ingram,SF,26,NOP,25,839,.501,14.3,,.769,.137,.173,.272,.187,.231,,.553,.787,.519,.479,.518,.330,,.397,.794,,.034,15,,.155,.375,,1,0,ingrabr01
210,Kyrie Irving,SG,31,DAL,17,541,.471,14.4,,.639,.184,.226,.152,.077,.361,,.520,.667,.557,.426,.250,.384,,.379,.767,,.006,1,,.196,.545,,0,0,irvinky01
211,Jonathan Isaac,PF,26,ORL,19,259,.458,14.1,,.521,.323,.135,.031,.031,.479,,.620,.839,.385,.000,.000,.283,,.581,1.000,,.156,13,,.413,.421,,1,0,isaacjo01
212,Jaden Ivey,SG,21,DET,23,554,.450,12.8,,.659,.346,.199,.081,.033,.341,,.540,.685,.357,.471,.286,.278,,.493,.900,,.024,4,,.208,.333,,5,0,iveyja01
213,Andre Jackson Jr.,SG,22,MIL,21,221,.595,14.7,,.452,.286,.095,.071,.000,.548,,.737,.917,.250,.667,,.478,,.571,1.000,,.238,10,,.652,.467,,0,0,jacksan01
214,Gregory Jackson II,PF,19,MEM,4,19,.300,17.1,,.500,.300,.000,.100,.100,.500,,.200,.333,,.000,.000,.400,,1.000,1.000,,.100,1,,.200,1.000,,0,0,jacksgg01
215,Isaiah Jackson,C,22,IND,18,266,.674,3.6,,.977,.640,.291,.035,.012,.023,,.690,.800,.440,.667,1.000,.000,,.845,,,.302,26,,.000,,,0,0,jacksis01
216,Jaren Jackson Jr.,C,24,MEM,26,818,.447,12.1,,.683,.225,.374,.071,.014,.317,,.509,.589,.468,.500,.333,.313,,.469,.952,,.026,10,,.127,.235,,4,0,jacksja02
217,Reggie Jackson,PG,33,DEN,29,739,.494,14.8,,.615,.201,.239,.067,.108,.385,,.554,.667,.547,.476,.412,.397,,.430,.833,,.013,3,,.207,.520,,2,0,jacksre01
218,Trayce Jackson-Davis,PF,23,GSW,16,161,.595,1.9,,1.000,.762,.238,.000,.000,.000,,.595,.656,.400,,,,,.680,,,.262,11,,,,,0,0,jackstr02
219,LeBron James,PF,39,LAL,26,886,.540,12.4,,.674,.355,.183,.073,.064,.326,,.611,.789,.506,.212,.379,.392,,.476,.776,,.077,33,,.074,.364,,1,0,jamesle01
220,Jaime Jaquez Jr.,SF,22,MIA,28,791,.505,10.7,,.703,.330,.280,.079,.014,.297,,.561,.696,.487,.318,.250,.373,,.536,.968,,.061,14,,.494,.390,,0,0,jaqueja01
221,DaQuan Jeffries,SG,26,NYK,10,30,.417,14.9,,.583,.083,.250,.250,.000,.417,,.571,1.000,.667,.333,,.200,,1.000,1.000,,.000,0,,.600,.333,,0,0,jeffrda01
222,Ty Jerome,SG,26,CLE,2,15,.500,10.6,,.750,.250,.250,.250,.000,.250,,.667,.000,1.000,1.000,,.000,,.000,,,.000,0,,.000,,,0,0,jeromty01
223,Isaiah Joe,SG,24,OKC,25,509,.438,22.6,,.219,.051,.039,.073,.056,.781,,.487,.778,.429,.538,.200,.424,,.737,.966,,.028,4,,.209,.448,,1,0,joeis01
224,Cameron Johnson,PF,27,BRK,20,577,.453,16.9,,.470,.179,.137,.085,.068,.530,,.518,.714,.469,.300,.375,.395,,.579,.959,,.026,4,,.347,.558,,1,0,johnsca02
225,Jalen Johnson,SF,22,ATL,15,449,.594,10.4,,.720,.350,.280,.063,.028,.280,,.660,.760,.550,.444,1.000,.425,,.706,1.000,,.168,22,,.375,.467,,0,0,johnsja05
226,James Johnson,PF,36,IND,3,16,.500,11.9,,1.000,.000,.500,.500,.000,.000,,.500,,1.000,.000,,,,.000,,,.000,0,,,,,0,0,johnsja01
227,Keldon Johnson,SF,24,SAS,25,827,.473,13.3,,.595,.246,.266,.062,.021,.405,,.552,.687,.444,.524,.429,.358,,.486,.898,,.050,14,,.328,.311,,0,0,johnske04
228,Keyontae Johnson,SF,23,OKC,1,6,.000,8.2,,1.000,.000,1.000,.000,.000,.000,,.000,,.000,,,,,,,,.000,0,,,,,0,0,johnske08
229,Nikola Jokić,C,28,DEN,28,938,.539,10.2,,.807,.228,.412,.116,.051,.193,,.592,.656,.595,.548,.370,.320,,.553,.788,,.007,3,,.039,.250,,1,0,jokicni01
230,Colby Jones,SG,21,SAC,11,75,.452,10.8,,.742,.226,.355,.161,.000,.258,,.565,.429,.545,.800,,.125,,.538,1.000,,.000,0,,.375,.000,,0,0,jonesco02
231,Damian Jones,C,28,CLE,11,54,.500,6.6,,1.000,.625,.125,.000,.250,.000,,.500,.600,.000,,.500,,,1.000,,,.250,2,,,,,0,0,jonesda03
232,Derrick Jones Jr.,SF,26,DAL,26,642,.480,15.2,,.424,.288,.111,.015,.010,.576,,.643,.684,.591,.667,.000,.360,,.741,1.000,,.152,24,,.596,.324,,0,0,jonesde02
233,Herbert Jones,SF,25,NOP,25,751,.477,12.8,,.578,.337,.196,.010,.035,.422,,.591,.776,.333,.500,.286,.321,,.529,.926,,.106,20,,.500,.286,,0,0,joneshe01
234,Tre Jones,PG,24,SAS,22,515,.453,12.0,,.693,.267,.247,.160,.020,.307,,.538,.800,.405,.333,.333,.261,,.393,.917,,.000,0,,.391,.167,,0,0,jonestr01
235,Tyus Jones,PG,27,WAS,26,711,.526,13.8,,.656,.154,.304,.162,.036,.344,,.599,.684,.547,.650,.444,.388,,.464,.727,,.000,0,,.224,.474,,0,0,jonesty01
236,DeAndre Jordan,C,35,DEN,11,153,.579,2.5,,1.000,.737,.237,.026,.000,.000,,.579,.643,.444,.000,,,,.682,,,.395,14,,,,,0,0,jordade01
237,Cory Joseph,PG,32,GSW,12,127,.290,21.3,,.355,.032,.161,.032,.129,.645,,.455,.000,.600,1.000,.250,.200,,.800,1.000,,.000,0,,.150,.000,,1,0,josepco01
238,Nikola Jović,PF,20,MIA,4,48,.333,18.0,,.417,.167,.083,.167,.000,.583,,.200,.500,.000,.000,,.429,,.000,.667,,.000,0,,.000,,,0,0,jovicni01
239,Johnny Juzang,SG,22,UTA,1,4,.000,24.5,,.000,.000,.000,.000,.000,1.000,,,,,,,.000,,,,,.000,0,,.500,.000,,0,0,juzanjo01
240,Luke Kennard,SG,27,MEM,8,172,.362,22.5,,.207,.052,.017,.103,.034,.793,,.333,.667,.000,.167,.500,.370,,1.000,.824,,.000,0,,.152,.143,,0,0,kennalu01
241,Walker Kessler,C,22,UTA,20,507,.580,4.2,,.906,.667,.232,.000,.007,.094,,.624,.717,.375,,.000,.154,,.705,1.000,,.290,39,,1.000,.154,,0,0,kesslwa01
242,Braxton Key,SF,26,DEN,6,15,.200,11.2,,.600,.600,.000,.000,.000,.400,,.333,.333,,,,.000,,1.000,,,.000,0,,.000,,,0,0,keybr01
243,Corey Kispert,SF,24,WAS,25,576,.452,18.7,,.356,.197,.135,.014,.010,.644,,.581,.683,.464,.333,.500,.381,,.651,.941,,.029,4,,.149,.500,,1,0,kispeco01
244,Maxi Kleber,C,32,DAL,5,90,.250,16.0,,.438,.250,.188,.000,.000,.563,,.143,.250,.000,,,.333,,1.000,1.000,,.063,1,,.000,,,0,0,klebima01
245,Kevin Knox,SF,24,DET,10,150,.479,16.1,,.458,.188,.188,.063,.021,.542,,.591,.667,.556,.333,1.000,.385,,.692,.900,,.104,4,,.308,.250,,0,0,knoxke01
246,John Konchar,SF,27,MEM,21,374,.353,16.8,,.353,.294,.044,.015,.000,.647,,.417,.400,.667,.000,,.318,,.600,1.000,,.000,0,,.409,.222,,0,0,konchjo01
247,Furkan Korkmaz,SG,26,PHI,19,130,.343,17.7,,.457,.200,.114,.057,.086,.543,,.438,.571,.500,.000,.333,.263,,.714,1.000,,.029,1,,.158,.667,,0,0,korkmfu01
248,Luke Kornet,C,28,BOS,17,220,.744,2.4,,1.000,.767,.209,.023,.000,.000,,.744,.818,.444,1.000,,,,.688,,,.302,12,,,,,0,0,kornelu01
249,Jonathan Kuminga,PF,21,GSW,26,548,.492,11.2,,.738,.263,.304,.129,.042,.263,,.554,.730,.493,.355,.500,.317,,.602,.950,,.133,27,,.302,.421,,0,0,kuminjo01
250,Kyle Kuzma,PF,28,WAS,26,808,.471,13.4,,.656,.221,.286,.101,.048,.344,,.528,.764,.451,.320,.333,.363,,.506,.774,,.042,20,,.158,.556,,1,0,kuzmaky01
251,Jock Landale,C,28,HOU,16,136,.357,11.9,,.643,.357,.214,.036,.036,.357,,.444,.400,.500,1.000,.000,.200,,.750,1.000,,.107,2,,.100,1.000,,0,0,landajo01
252,Jake LaRavia,PF,22,MEM,8,99,.344,18.1,,.375,.125,.188,.031,.031,.625,,.667,.500,.667,1.000,1.000,.150,,.500,1.000,,.031,1,,.250,.400,,0,0,laravja01
253,Zach LaVine,SG,28,CHI,18,635,.443,15.6,,.570,.215,.158,.064,.134,.430,,.524,.641,.447,.526,.425,.336,,.337,.465,,.044,11,,.148,.368,,0,0,lavinza01
254,A.J. Lawson,SG,23,DAL,10,68,.429,15.0,,.429,.286,.143,.000,.000,.571,,.667,.875,.250,,,.250,,.625,1.000,,.107,3,,.500,.125,,0,0,lawsoaj01
255,Saben Lee,PG,24,PHO,4,11,.571,8.3,,.857,.286,.571,.000,.000,.143,,.667,1.000,.500,,,.000,,.250,,,.143,1,,.000,,,0,0,leesa01
256,Alex Len,C,30,SAC,6,41,.750,6.2,,.875,.375,.500,.000,.000,.125,,.857,.667,1.000,,,.000,,.667,,,.500,3,,.000,,,0,0,lenal01
257,Kawhi Leonard,SF,32,LAC,27,932,.521,14.4,,.686,.137,.214,.254,.081,.314,,.564,.891,.510,.513,.316,.429,,.470,.683,,.066,29,,.170,.560,,0,0,leonaka01
258,Caris LeVert,SG,29,CLE,21,623,.417,14.0,,.597,.212,.240,.131,.014,.403,,.479,.600,.412,.432,.250,.325,,.333,.757,,.021,6,,.193,.409,,1,0,leverca01
259,Kira Lewis Jr.,PG,22,NOP,13,131,.319,12.5,,.638,.383,.170,.021,.064,.362,,.433,.611,.125,1.000,.000,.118,,.538,1.000,,.021,1,,.235,.000,,0,0,lewiski01
260,Maxwell Lewis,SF,21,LAL,12,53,.111,11.8,,.667,.333,.111,.111,.111,.333,,.000,.000,.000,.000,.000,.333,,,1.000,,.111,0,,.000,,,0,0,lewisma05
261,E.J. Liddell,PF,23,NOP,3,9,.250,19.9,,.250,.250,.000,.000,.000,.750,,1.000,1.000,,,,.000,,1.000,,,.250,1,,.000,,,0,0,liddeej01
262,Damian Lillard,PG,33,MIL,25,884,.441,16.8,,.497,.205,.166,.062,.064,.503,,.509,.674,.347,.481,.429,.374,,.200,.488,,.016,4,,.064,.286,,1,0,lillada01
263,Nassir Little,PF,23,PHO,20,324,.494,15.5,,.429,.299,.117,.013,.000,.571,,.667,.739,.556,.000,,.364,,.818,1.000,,.117,9,,.364,.313,,0,0,littlna01
264,Dereck Lively II,C,19,DAL,23,582,.734,2.5,,.984,.734,.242,.008,.000,.016,,.746,.830,.516,.000,,.000,,.809,,,.555,63,,1.000,.000,,0,0,livelde01
265,Isaiah Livers,PF,25,DET,13,266,.284,20.1,,.338,.108,.095,.027,.108,.662,,.360,.625,.143,.000,.375,.245,,.778,1.000,,.027,2,,.306,.067,,1,0,liveris01
266,Chris Livingston,SF,20,MIL,5,21,.750,9.9,,.750,.250,.500,.000,.000,.250,,.667,1.000,.500,,,1.000,,.500,1.000,,.000,0,,1.000,1.000,,0,0,livinch01
267,Kenneth Lofton Jr.,PF,21,MEM,15,99,.378,13.3,,.730,.189,.216,.216,.108,.270,,.407,.714,.500,.250,.000,.300,,.545,1.000,,.081,3,,.100,.000,,0,0,loftoke01
268,Kevon Looney,C,27,GSW,27,588,.560,3.9,,1.000,.431,.514,.028,.028,.000,,.560,.638,.518,.333,.333,,,.738,,,.147,13,,,,,0,0,looneke01
269,Brook Lopez,C,35,MIL,27,829,.491,16.1,,.487,.251,.125,.089,.022,.513,,.652,.838,.412,.458,.667,.338,,.709,1.000,,.055,14,,.194,.407,,0,0,lopezbr01
270,Robin Lopez,C,35,MIL,7,21,.250,20.8,,.250,.000,.250,.000,.000,.750,,.000,,.000,,,.333,,,1.000,,.000,0,,.333,1.000,,0,0,lopezro01
271,Kevin Love,PF,35,MIA,21,404,.427,20.8,,.260,.133,.067,.013,.047,.740,,.590,.800,.500,.500,.143,.369,,.565,.976,,.000,0,,.117,.385,,0,0,loveke01
272,Kyle Lowry,PG,37,MIA,26,764,.451,19.9,,.313,.104,.121,.049,.038,.687,,.474,.579,.455,.111,.714,.440,,.407,.818,,.000,0,,.208,.615,,1,0,lowryky01
273,Seth Lundy,SF,23,ATL,2,10,.500,20.8,,.500,.000,.000,.000,.500,.500,,1.000,,,,1.000,.000,,1.000,,,.000,0,,1.000,.000,,0,0,lundyse01
274,Trey Lyles,PF,28,SAC,13,260,.408,20.9,,.239,.169,.056,.014,.000,.761,,.706,.833,.250,1.000,,.315,,.667,1.000,,.028,2,,.315,.412,,2,0,lylestr01
275,Théo Maledon,PG,22,CHO,13,200,.288,15.6,,.545,.212,.197,.091,.045,.455,,.389,.571,.308,.333,.000,.167,,.643,1.000,,.000,0,,.233,.286,,2,0,maledth01
276,Sandro Mamukelashvili,C,24,SAS,11,84,.360,17.7,,.400,.240,.120,.040,.000,.600,,.500,.500,.333,1.000,,.267,,.800,1.000,,.080,2,,.200,.000,,1,0,mamuksa01
277,Terance Mann,SG,27,LAC,21,559,.431,15.0,,.538,.231,.146,.131,.031,.462,,.600,.900,.316,.471,.250,.233,,.643,1.000,,.085,9,,.550,.212,,1,0,mannte01
278,Tre Mann,PG,22,OKC,9,92,.500,14.1,,.594,.313,.125,.063,.094,.406,,.579,.600,.500,.500,.667,.385,,.273,.600,,.000,0,,.154,.500,,0,0,manntr01
279,Boban Marjanović,C,35,HOU,3,20,.556,8.3,,.889,.333,.444,.111,.000,.111,,.625,1.000,.250,1.000,,.000,,.600,,,.333,3,,.000,,,0,0,marjabo01
280,Lauri Markkanen,PF,26,UTA,19,629,.484,16.0,,.500,.168,.235,.058,.039,.500,,.587,.808,.534,.333,.333,.381,,.758,.966,,.081,25,,.200,.355,,1,0,markkla01
281,Naji Marshall,SF,26,NOP,19,380,.452,15.4,,.522,.217,.226,.052,.026,.478,,.467,.600,.385,.333,.333,.436,,.571,.958,,.026,3,,.473,.577,,3,1,marshna01
282,Caleb Martin,SF,28,MIA,18,485,.443,12.9,,.661,.273,.230,.082,.077,.339,,.479,.580,.405,.200,.643,.371,,.586,.870,,.055,8,,.323,.400,,1,0,martica02
283,KJ Martin,SF,23,TOT,16,112,.464,7.2,,.786,.500,.286,.000,.000,.214,,.545,.714,.250,,,.167,,.917,1.000,,.286,6,,.667,.250,,0,0,martike04
283,KJ Martin,SF,23,LAC,2,31,.400,13.5,,.500,.200,.300,.000,.000,.500,,.600,1.000,.333,,,.200,,1.000,1.000,,.200,2,,.600,.333,,0,0,martike04
283,KJ Martin,SF,23,PHI,14,81,.500,3.8,,.944,.667,.278,.000,.000,.056,,.529,.667,.200,,,.000,,.889,,,.333,4,,1.000,.000,,0,0,martike04
284,Garrison Mathews,SG,27,ATL,15,164,.469,25.5,,.000,.000,.000,.000,.000,1.000,,,,,,,.469,,,1.000,,.000,0,,.281,.333,,0,0,mathega01
285,Bennedict Mathurin,SF,21,IND,26,664,.452,12.0,,.690,.290,.259,.076,.066,.310,,.480,.548,.413,.500,.421,.389,,.656,.800,,.031,7,,.144,.538,,0,0,mathube01
286,Wesley Matthews,SG,37,ATL,16,192,.263,20.9,,.237,.132,.026,.053,.026,.763,,.444,.600,.000,.500,.000,.207,,1.000,1.000,,.000,0,,.414,.333,,0,0,matthwe02
287,Tyrese Maxey,PG,23,PHI,26,962,.462,15.2,,.573,.212,.226,.087,.048,.427,,.509,.626,.456,.386,.458,.400,,.354,.663,,.002,1,,.065,.714,,1,0,maxeyty01
288,Skylar Mays,PG,26,POR,15,290,.406,14.7,,.613,.142,.255,.179,.038,.387,,.477,.400,.481,.474,.750,.293,,.161,.917,,.019,1,,.098,.250,,0,0,mayssk01
289,Miles McBride,PG,23,NYK,17,81,.500,18.8,,.346,.154,.038,.115,.038,.654,,.667,1.000,.000,.667,.000,.412,,.167,.857,,.000,0,,.412,.429,,0,0,mcbrimi01
290,CJ McCollum,PG,32,NOP,15,497,.464,16.7,,.519,.119,.200,.136,.064,.481,,.484,.500,.468,.531,.400,.442,,.407,.800,,.000,0,,.133,.467,,0,0,mccolcj01
291,T.J. McConnell,PG,31,IND,20,317,.522,8.7,,.926,.257,.390,.250,.029,.074,,.556,.743,.585,.353,.250,.100,,.214,1.000,,.000,0,,.300,.333,,1,0,mccontj01
292,Jaden McDaniels,SF,23,MIN,16,397,.563,12.4,,.675,.278,.198,.127,.071,.325,,.647,.743,.640,.688,.222,.390,,.527,1.000,,.095,9,,.463,.474,,0,0,mcdanja02
293,Jalen McDaniels,SF,26,TOR,16,141,.265,15.4,,.510,.163,.245,.061,.041,.490,,.360,.625,.250,.333,.000,.167,,.667,1.000,,.041,2,,.250,.167,,0,0,mcdanja01
294,Doug McDermott,SF,32,SAS,24,395,.440,20.9,,.233,.138,.043,.017,.034,.767,,.407,.500,.000,.500,.500,.449,,1.000,.950,,.017,2,,.191,.412,,0,0,mcderdo01
295,JaVale McGee,C,36,SAC,23,200,.676,4.6,,.986,.380,.563,.042,.000,.014,,.686,.815,.650,.000,,.000,,.792,,,.310,20,,.000,,,0,0,mcgeeja01
296,Bryce McGowens,SG,21,CHO,21,367,.457,15.5,,.457,.272,.136,.037,.012,.543,,.541,.636,.455,.333,.000,.386,,.450,1.000,,.037,3,,.432,.526,,0,0,mcgowbr01
297,Jordan McLaughlin,PG,27,MIN,9,35,.400,22.4,,.400,.000,.200,.200,.000,.600,,.000,,.000,.000,,.667,,,.500,,.000,0,,.333,.000,,1,1,mclaujo01
298,De'Anthony Melton,SG,25,PHI,27,777,.395,17.2,,.429,.195,.149,.042,.042,.571,,.429,.510,.385,.273,.364,.369,,.479,.836,,.034,9,,.154,.261,,0,0,meltode01
299,Nathan Mensah,C,25,CHO,3,49,.500,3.3,,1.000,.500,.500,.000,.000,.000,,.500,.333,.667,,,,,.667,,,.000,0,,,,,0,0,mensana01
300,Sam Merrill,SG,27,CLE,15,164,.449,23.3,,.116,.029,.058,.029,.000,.884,,.250,.500,.250,.000,,.475,,1.000,.966,,.000,0,,.197,.667,,0,0,merrisa01
301,Chimezie Metu,C,26,PHO,17,182,.500,13.9,,.538,.327,.154,.038,.019,.462,,.643,.824,.250,1.000,.000,.333,,.833,1.000,,.192,8,,.208,.800,,0,0,metuch01
302,Vasilije Micić,PG,30,OKC,10,122,.333,19.6,,.400,.100,.100,.100,.100,.600,,.417,1.000,.000,.333,.333,.278,,.400,.800,,.000,0,,.111,.000,,0,0,micicva01
303,Khris Middleton,SF,32,MIL,22,508,.472,16.1,,.631,.120,.176,.176,.159,.369,,.537,.643,.415,.561,.568,.360,,.329,.677,,.000,0,,.140,.500,,0,0,middlkh01
304,Brandon Miller,SF,21,CHO,24,774,.437,15.1,,.611,.174,.206,.161,.070,.389,,.472,.636,.385,.451,.364,.382,,.582,.957,,.051,14,,.244,.333,,3,0,millebr02
305,Jordan Miller,SF,24,LAC,3,12,.667,14.9,,.667,.333,.000,.000,.333,.333,,.500,1.000,,,.000,1.000,,.000,1.000,,.333,1,,1.000,1.000,,0,0,millejo02
306,Leonard Miller,SF,20,MIN,3,6,.500,1.1,,1.000,1.000,.000,.000,.000,.000,,.500,.500,,,,,,1.000,,,.000,0,,,,,0,0,millele01
307,Dariq Whitehead,SF,19,BRK,1,3,,,,,,,,,,,,,,,,,,,,,,0,,,,,0,0,whiteda01
308,Patty Mills,PG,35,ATL,4,35,.300,20.6,,.300,.000,.200,.000,.100,.700,,.000,,.000,,.000,.429,,,1.000,,.000,0,,.429,.333,,0,0,millspa02
309,Shake Milton,SG,27,MIN,25,383,.374,14.0,,.634,.179,.220,.220,.016,.366,,.449,.636,.259,.444,1.000,.244,,.571,.909,,.000,0,,.356,.375,,1,0,miltosh01
310,Justin Minaya,SF,24,POR,6,38,.333,17.3,,.333,.333,.000,.000,.000,.667,,.000,.000,,,,.500,,,.500,,.000,0,,.000,,,0,0,minayju01
311,Josh Minott,SF,21,MIN,11,27,.571,10.7,,.643,.429,.214,.000,.000,.357,,.889,1.000,.667,,,.000,,.625,,,.071,1,,.400,.000,,0,0,minotjo01
312,Davion Mitchell,PG,25,SAC,20,282,.346,17.3,,.457,.074,.247,.074,.062,.543,,.432,.333,.400,.333,.800,.273,,.375,.917,,.000,0,,.182,.500,,0,0,mitchda01
313,Donovan Mitchell,SG,27,CLE,22,803,.453,15.4,,.585,.235,.158,.100,.092,.415,,.526,.682,.405,.383,.488,.351,,.264,.485,,.026,9,,.046,.444,,1,0,mitchdo01
314,Evan Mobley,PF,22,CLE,21,705,.573,5.4,,.960,.532,.294,.105,.028,.040,,.588,.765,.356,.423,.286,.200,,.721,1.000,,.266,64,,.700,.143,,0,0,mobleev01
315,Isaiah Mobley,PF,24,CLE,2,10,.333,11.0,,.667,.333,.333,.000,.000,.333,,.500,1.000,.000,,,.000,,.000,,,.000,0,,1.000,.000,,0,0,mobleis01
316,Malik Monk,SG,25,SAC,26,656,.431,17.6,,.420,.156,.174,.066,.024,.580,,.446,.556,.440,.263,.286,.419,,.556,.843,,.042,11,,.132,.591,,0,0,monkma01
317,Moses Moody,SG,21,GSW,27,508,.474,15.2,,.520,.171,.251,.063,.034,.480,,.593,.733,.545,.455,.500,.345,,.630,.862,,.046,6,,.333,.286,,0,0,moodymo01
318,Xavier Moon,SG,29,LAC,2,12,.500,15.2,,.500,.000,.500,.000,.000,.500,,1.000,,1.000,,,.000,,.000,,,.000,0,,.000,,,0,0,moonxa01
319,Wendell Moore Jr.,SG,22,MIN,6,14,.333,17.3,,.333,.333,.000,.000,.000,.667,,1.000,1.000,,,,.000,,.000,,,.000,0,,.000,,,0,0,moorewe01
320,Ja Morant,PG,24,MEM,1,35,.500,8.8,,.792,.417,.333,.042,.000,.208,,.632,.700,.625,.000,,.000,,.083,,,.000,0,,.200,.000,,0,0,moranja01
321,Marcus Morris,PF,34,PHI,19,261,.506,17.6,,.554,.120,.096,.169,.169,.446,,.478,.600,.125,.643,.429,.541,,.545,.950,,.012,1,,.378,.500,,0,0,morrima03
322,Markieff Morris,PF,34,DAL,11,114,.342,19.4,,.395,.079,.105,.132,.079,.605,,.400,.333,.500,.400,.333,.304,,.667,1.000,,.000,0,,.304,.429,,0,0,morrima02
323,Trey Murphy III,SF,23,NOP,8,202,.488,18.5,,.400,.188,.125,.075,.013,.600,,.625,.867,.500,.167,1.000,.396,,.700,.947,,.075,5,,.063,.667,,0,0,murphtr02
324,Dejounte Murray,SG,27,ATL,27,927,.452,14.8,,.643,.171,.178,.197,.096,.357,,.495,.513,.506,.444,.545,.374,,.324,.623,,.011,3,,.233,.368,,0,0,murrade01
325,Jamal Murray,PG,26,DEN,15,435,.458,15.8,,.640,.147,.156,.178,.160,.360,,.472,.667,.571,.300,.389,.432,,.353,.486,,.027,6,,.111,.111,,1,0,murraja01
326,Keegan Murray,SF,23,SAC,22,705,.447,17.2,,.458,.130,.176,.102,.049,.542,,.538,.703,.520,.517,.214,.370,,.743,1.000,,.060,16,,.247,.342,,0,0,murrake02
327,Kris Murray,SF,23,POR,13,144,.324,17.6,,.351,.162,.162,.027,.000,.649,,.308,.333,.167,1.000,,.333,,.750,1.000,,.027,1,,.250,.500,,0,0,murrakr01
328,Mike Muscala,C,32,WAS,14,180,.385,18.5,,.410,.077,.154,.128,.051,.590,,.563,.667,.500,.400,1.000,.261,,1.000,1.000,,.026,1,,.261,.000,,0,0,muscami01
329,Svi Mykhailiuk,SF,26,BOS,11,83,.280,21.0,,.200,.200,.000,.000,.000,.800,,.600,.600,,,,.200,,.667,.750,,.080,1,,.200,.500,,0,0,mykhasv01
330,Larry Nance Jr.,C,31,NOP,14,211,.500,10.6,,.738,.333,.286,.119,.000,.262,,.581,.714,.500,.400,,.273,,.667,.667,,.095,3,,.455,.400,,1,0,nancela02
331,Andrew Nembhard,PG,24,IND,17,308,.456,15.0,,.675,.114,.228,.237,.096,.325,,.558,.692,.423,.593,.636,.243,,.302,1.000,,.000,0,,.162,.167,,0,0,nembhan01
332,Aaron Nesmith,SF,24,IND,24,589,.548,15.0,,.468,.266,.154,.043,.005,.532,,.636,.740,.517,.500,.000,.470,,.607,1.000,,.043,7,,.450,.578,,0,0,nesmiaa01
333,Georges Niang,PF,30,CLE,28,625,.399,17.7,,.399,.115,.212,.063,.010,.601,,.494,.667,.409,.538,.000,.336,,.732,.952,,.000,0,,.304,.237,,0,0,niangge01
334,Daishen Nix,PG,21,MIN,6,21,.375,16.6,,.375,.125,.250,.000,.000,.625,,.333,1.000,.000,,,.400,,.000,.500,,.125,1,,.400,.000,,0,0,nixda01
335,Zeke Nnaji,PF,23,DEN,23,247,.500,5.9,,.833,.621,.197,.015,.000,.167,,.527,.585,.385,.000,,.364,,.552,1.000,,.152,9,,.273,.333,,0,0,nnajize01
336,Jaylen Nowell,SG,24,MEM,9,156,.400,17.3,,.582,.036,.255,.164,.127,.418,,.563,.500,.429,.667,.714,.174,,.444,1.000,,.000,0,,.174,.250,,1,0,nowelja01
337,Markquis Nowell,SG,24,TOR,1,4,.000,9.5,,1.000,.000,1.000,.000,.000,.000,,.000,,.000,,,,,,,,.000,0,,,,,0,0,nowelma01
338,Jusuf Nurkić,C,29,PHO,27,769,.464,9.0,,.755,.448,.253,.031,.023,.245,,.528,.581,.470,.500,.167,.266,,.577,1.000,,.084,18,,.094,.167,,0,0,nurkiju01
339,Jordan Nwora,SF,25,IND,10,118,.482,13.4,,.571,.339,.179,.018,.036,.429,,.594,.684,.500,.000,.500,.333,,.684,1.000,,.054,3,,.292,.286,,0,0,nworajo01
340,Royce O'Neale,SF,30,BRK,26,719,.377,23.2,,.158,.109,.027,.022,.000,.842,,.345,.350,.200,.500,,.383,,.700,.881,,.011,1,,.136,.429,,3,0,onealro01
341,Chuma Okeke,SF,25,ORL,13,61,.389,18.7,,.333,.111,.222,.000,.000,.667,,.500,1.000,.250,,,.333,,1.000,.750,,.000,0,,.083,1.000,,0,0,okekech01
342,Josh Okogie,SG,25,PHO,23,491,.417,13.1,,.528,.324,.176,.028,.000,.472,,.544,.657,.368,.333,,.275,,.645,1.000,,.065,6,,.627,.250,,0,0,okogijo01
343,Onyeka Okongwu,C,23,ATL,27,663,.586,7.7,,.781,.503,.260,.012,.006,.219,,.667,.729,.568,.000,1.000,.297,,.750,1.000,,.207,30,,.622,.435,,1,0,okongon01
344,Isaac Okoro,SF,23,CLE,19,466,.476,10.8,,.610,.476,.105,.019,.010,.390,,.531,.540,.545,.000,1.000,.390,,.765,1.000,,.057,5,,.805,.364,,0,0,okorois01
345,Kelly Olynyk,C,32,UTA,26,561,.537,12.6,,.626,.382,.146,.033,.065,.374,,.610,.766,.500,.000,.250,.413,,.426,1.000,,.008,1,,.217,.300,,0,0,olynyke01
346,Eugene Omoruyi,SF,26,WAS,15,86,.595,11.1,,.690,.405,.238,.024,.024,.310,,.690,.765,.700,.000,.000,.385,,.700,1.000,,.071,3,,.077,.000,,0,0,omorueu01
347,Cedi Osman,SF,28,SAS,26,501,.477,16.5,,.466,.188,.188,.063,.028,.534,,.598,.788,.545,.182,.600,.372,,.592,.943,,.000,0,,.149,.500,,0,0,osmande01
348,Kelly Oubre Jr.,SF,28,PHI,16,407,.485,13.4,,.576,.291,.236,.036,.012,.424,,.589,.771,.385,.500,.500,.343,,.625,.792,,.164,23,,.271,.421,,0,0,oubreke01
349,Chris Paul,PG,38,GSW,24,659,.396,19.4,,.540,.011,.096,.241,.193,.460,,.465,1.000,.500,.467,.417,.314,,.170,.704,,.000,0,,.151,.462,,2,0,paulch01
350,Cameron Payne,PG,29,MIL,27,445,.453,17.8,,.438,.109,.182,.102,.044,.562,,.533,.533,.440,.714,.500,.390,,.406,.833,,.000,0,,.234,.278,,0,0,payneca01
351,Gary Payton II,SG,31,GSW,14,242,.479,11.3,,.606,.324,.282,.000,.000,.394,,.581,.652,.500,,,.321,,.800,1.000,,.070,4,,.679,.263,,0,0,paytoga02
352,Filip Petrušev,C,23,TOT,3,10,.500,12.4,,1.000,.000,.000,1.000,.000,.000,,.500,,,.500,,,,1.000,,,.000,0,,,,,0,0,petrufi01
352,Filip Petrušev,C,23,PHI,1,3,,,,,,,,,,,,,,,,,,,,,,0,,,,,0,0,petrufi01
352,Filip Petrušev,C,23,SAC,2,7,.500,12.4,,1.000,.000,.000,1.000,.000,.000,,.500,,,.500,,,,1.000,,,.000,0,,,,,0,0,petrufi01
353,Julian Phillips,SF,20,CHI,16,70,.294,13.2,,.529,.412,.059,.059,.000,.471,,.556,.429,1.000,1.000,,.000,,.800,,,.176,2,,.375,.000,,0,0,phillju01
354,Jalen Pickett,SG,24,DEN,12,77,.476,22.6,,.286,.048,.048,.095,.095,.714,,.667,1.000,.000,.500,1.000,.400,,.500,.667,,.000,0,,.000,,,1,0,pickeja02
355,Mason Plumlee,C,33,LAC,6,102,.632,3.2,,1.000,.526,.474,.000,.000,.000,,.632,.800,.444,,,,,.667,,,.316,5,,,,,0,0,plumlma01
356,Brandin Podziemski,SG,20,GSW,21,451,.456,13.7,,.597,.228,.268,.074,.027,.403,,.494,.647,.450,.182,.500,.400,,.545,.667,,.000,0,,.200,.417,,0,0,podzibr01
357,Jakob Poeltl,C,28,TOR,27,702,.725,3.2,,1.000,.646,.298,.056,.000,.000,,.725,.826,.528,.600,,,,.806,,,.107,17,,,,,0,0,poeltja01
358,Aleksej Pokusevski,PF,22,OKC,7,43,.182,19.7,,.273,.000,.273,.000,.000,.727,,.333,,.333,,,.125,,.000,1.000,,.000,0,,.500,.000,,0,0,pokusal01
359,Jordan Poole,SG,24,WAS,25,734,.416,15.9,,.573,.176,.195,.141,.061,.427,,.484,.712,.425,.340,.348,.325,,.500,.712,,.011,4,,.131,.286,,1,0,poolejo01
360,Craig Porter Jr.,PG,23,CLE,17,249,.511,9.3,,.878,.389,.211,.211,.067,.122,,.532,.657,.474,.316,.667,.364,,.357,.750,,.022,2,,.273,.333,,1,0,portecr01
361,Michael Porter Jr.,SF,25,DEN,29,904,.467,17.5,,.474,.177,.105,.072,.121,.526,,.557,.754,.390,.429,.489,.385,,.748,.949,,.041,14,,.200,.439,,0,0,portemi01
362,Otto Porter Jr.,SF,30,TOR,11,130,.385,19.3,,.269,.154,.038,.077,.000,.731,,.429,.250,1.000,.500,,.368,,1.000,.857,,.038,0,,.421,.500,,0,0,porteot01
363,Bobby Portis,PF,28,MIL,27,646,.513,12.4,,.720,.236,.247,.153,.084,.280,,.571,.800,.456,.548,.304,.364,,.469,1.000,,.033,7,,.403,.452,,0,0,portibo01
364,Kristaps Porziņģis,C,28,BOS,20,604,.529,14.8,,.587,.248,.178,.116,.045,.413,,.655,.833,.628,.500,.182,.350,,.667,.971,,.161,36,,.030,.000,,0,0,porzikr01
365,Micah Potter,PF,25,UTA,2,7,.000,25.8,,.000,.000,.000,.000,.000,1.000,,,,,,,.000,,,,,.000,0,,.000,,,0,0,pottemi01
366,Dwight Powell,C,32,DAL,24,355,.711,2.3,,.978,.844,.133,.000,.000,.022,,.705,.789,.167,,,1.000,,.710,1.000,,.244,9,,1.000,1.000,,0,0,poweldw01
367,Norman Powell,SG,30,LAC,27,685,.506,15.8,,.539,.139,.257,.094,.049,.461,,.553,.735,.540,.391,.417,.451,,.644,.961,,.008,1,,.301,.471,,1,0,powelno01
368,Joshua Primo,SG,21,LAC,1,5,.500,13.8,,.500,.500,.000,.000,.000,.500,,1.000,1.000,,,,.000,,1.000,,,.000,0,,.000,,,0,0,primojo01
369,Taurean Prince,PF,29,LAL,26,796,.433,18.0,,.358,.163,.140,.033,.023,.642,,.532,.686,.467,.143,.400,.377,,.878,.942,,.014,3,,.449,.323,,2,0,princta02
370,Payton Pritchard,PG,26,BOS,27,552,.417,20.7,,.331,.104,.092,.049,.086,.669,,.463,.765,.400,.125,.357,.394,,.480,.860,,.000,0,,.239,.462,,2,0,pritcpa01
371,Olivier-Maxence Prosper,PF,21,DAL,17,143,.343,16.2,,.371,.257,.114,.000,.000,.629,,.538,.667,.250,,,.227,,.857,1.000,,.029,1,,.545,.167,,0,0,prospol01
372,Neemias Queta,C,24,BOS,7,105,.484,3.2,,1.000,.484,.516,.000,.000,.000,,.484,.533,.438,,,,,.733,,,.129,4,,,,,0,0,quetane01
373,Immanuel Quickley,SG,24,NYK,26,623,.444,16.8,,.525,.104,.202,.158,.061,.475,,.500,.677,.467,.511,.278,.383,,.346,.685,,.003,1,,.312,.273,,0,0,quickim01
374,Lester Quinones,SG,23,GSW,2,9,.333,17.4,,.333,.167,.167,.000,.000,.667,,.500,1.000,.000,,,.250,,.000,1.000,,.000,0,,.500,.500,,0,0,quinole01
375,Julius Randle,PF,29,NYK,27,953,.464,12.0,,.710,.240,.300,.128,.041,.290,,.534,.672,.490,.419,.400,.293,,.377,.878,,.027,12,,.157,.455,,0,0,randlju01
376,Duop Reath,C,27,POR,17,254,.420,17.2,,.384,.196,.179,.009,.000,.616,,.535,.727,.300,1.000,,.348,,.652,1.000,,.045,5,,.174,.500,,0,0,reathdu01
377,Austin Reaves,SG,25,LAL,28,826,.476,16.4,,.576,.177,.158,.135,.106,.424,,.559,.782,.469,.500,.394,.364,,.340,.542,,.013,4,,.098,.231,,1,0,reaveau01
378,Cam Reddish,SF,24,LAL,23,559,.403,13.7,,.542,.278,.188,.035,.042,.458,,.474,.650,.333,.200,.167,.318,,.622,1.000,,.056,6,,.591,.385,,0,0,reddica01
379,Paul Reed,C,24,PHI,27,371,.578,5.7,,.892,.490,.363,.039,.000,.108,,.604,.720,.459,.500,,.364,,.455,1.000,,.167,15,,.091,1.000,,0,0,reedpa01
380,Naz Reid,C,24,MIN,26,583,.500,14.6,,.515,.248,.240,.023,.004,.485,,.607,.769,.460,.500,.000,.386,,.561,1.000,,.050,13,,.315,.425,,2,0,reidna01
381,Jared Rhoden,SG,24,DET,5,30,.556,16.6,,.556,.000,.222,.333,.000,.444,,.800,,1.000,.667,,.250,,1.000,1.000,,.111,1,,.250,1.000,,0,0,rhodeja01
382,Nick Richards,C,26,CHO,20,422,.708,2.9,,1.000,.697,.247,.045,.011,.000,,.708,.823,.500,.250,.000,,,.587,,,.326,26,,,,,0,0,richani01
383,Josh Richardson,SG,30,MIA,23,637,.443,17.9,,.469,.139,.149,.082,.098,.531,,.560,.667,.552,.500,.474,.340,,.569,1.000,,.036,6,,.214,.318,,1,0,richajo01
384,Duncan Robinson,SF,29,MIA,26,757,.487,18.4,,.342,.178,.131,.029,.004,.658,,.574,.612,.528,.625,.000,.442,,.704,.888,,.004,1,,.254,.522,,0,0,robindu01
385,Jerome Robinson,SG,26,GSW,1,5,.000,4.3,,1.000,.500,.500,.000,.000,.000,,.000,.000,.000,,,,,,,,.000,0,,,,,0,0,robinje01
386,Mitchell Robinson,C,25,NYK,21,613,.592,1.1,,1.000,.918,.082,.000,.000,.000,,.592,.622,.250,,,,,.483,,,.439,37,,,,,0,0,robinmi01
387,Orlando Robinson,C,23,MIA,13,210,.525,9.2,,.797,.356,.356,.051,.034,.203,,.511,.667,.476,.000,.000,.583,,.667,1.000,,.102,4,,.167,1.000,,0,0,robinor01
388,Jeremiah Robinson-Earl,PF,23,NOP,11,111,.516,12.1,,.645,.323,.226,.065,.032,.355,,.500,.400,.571,1.000,.000,.545,,.900,1.000,,.097,3,,.364,.750,,0,0,robinje02
389,David Roddy,PF,22,MEM,26,619,.406,13.6,,.554,.297,.188,.050,.020,.446,,.500,.683,.316,.300,.000,.289,,.518,1.000,,.040,7,,.378,.412,,0,0,roddyda01
390,Ryan Rollins,PG,21,WAS,8,49,.500,8.3,,.889,.389,.278,.222,.000,.111,,.500,.857,.200,.250,,.500,,.000,.000,,.000,0,,.000,,,0,0,rolliry01
391,Derrick Rose,PG,35,MEM,15,284,.438,12.0,,.736,.281,.248,.132,.074,.264,,.472,.647,.200,.375,.889,.344,,.286,.818,,.000,0,,.313,.300,,0,0,rosede01
392,Terry Rozier,SG,29,CHO,17,606,.464,14.7,,.612,.202,.230,.101,.079,.388,,.531,.609,.521,.531,.360,.358,,.262,.636,,.003,1,,.236,.276,,2,0,roziete01
393,Rayan Rupert,SG,19,POR,7,31,.083,17.3,,.500,.000,.333,.167,.000,.500,,.000,,.000,.000,,.167,,,1.000,,.000,0,,.167,.000,,0,0,ruperra01
394,D'Angelo Russell,PG,27,LAL,27,808,.467,15.8,,.571,.161,.196,.125,.089,.429,,.531,.815,.394,.500,.367,.382,,.324,.727,,.003,1,,.139,.350,,1,0,russeda01
395,Matt Ryan,SF,26,NOP,13,298,.458,22.6,,.181,.024,.048,.060,.048,.819,,.400,.500,.500,.400,.250,.471,,1.000,.906,,.000,0,,.279,.526,,0,0,ryanma01
396,Domantas Sabonis,C,27,SAC,26,899,.574,6.9,,.899,.383,.402,.077,.037,.101,,.594,.680,.550,.440,.500,.394,,.580,.923,,.080,22,,.091,.000,,0,0,sabondo01
397,Luka Šamanić,PF,24,UTA,12,81,.439,12.7,,.561,.341,.195,.024,.000,.439,,.565,.786,.125,1.000,,.278,,.846,1.000,,.073,3,,.500,.444,,0,0,samanlu01
398,Jermaine Samuels,SF,25,HOU,5,29,.500,13.1,,.500,.000,.500,.000,.000,.500,,1.000,,1.000,,,.000,,1.000,,,.000,0,,1.000,.000,,0,0,samueje01
399,Gui Santos,PF,21,GSW,2,12,.500,9.2,,.750,.250,.500,.000,.000,.250,,.667,.000,1.000,,,.000,,.500,,,.000,0,,.000,,,0,0,santogu01
400,Dario Šarić,C,29,GSW,27,563,.467,16.7,,.467,.143,.243,.048,.033,.533,,.531,.800,.451,.400,.143,.411,,.654,1.000,,.000,0,,.080,.333,,0,0,saricda01
401,Olivier Sarr,C,24,OKC,6,61,.545,12.3,,.545,.455,.091,.000,.000,.455,,.667,.800,.000,,,.400,,1.000,1.000,,.182,2,,.400,1.000,,0,0,sarrol01
402,Marcus Sasser,PG,23,DET,26,442,.488,18.0,,.531,.100,.138,.156,.138,.469,,.541,.750,.318,.680,.455,.427,,.348,.750,,.006,1,,.133,.600,,0,0,sassema01
403,Admiral Schofield,PF,26,ORL,8,28,.300,20.8,,.400,.100,.100,.000,.200,.600,,.500,1.000,.000,,.500,.167,,.500,1.000,,.200,1,,.000,,,0,0,schofad01
404,Dennis Schröder,PG,30,TOR,27,863,.425,15.1,,.614,.196,.166,.160,.093,.386,,.466,.569,.327,.453,.516,.359,,.411,.913,,.000,0,,.188,.333,,2,0,schrode01
405,Dereon Seabron,SG,23,NOP,5,52,.308,7.9,,.846,.385,.231,.231,.000,.154,,.273,.400,.000,.333,,.500,,.000,1.000,,.000,0,,.500,.000,,0,0,seabrde01
406,Alperen Şengün,C,21,HOU,25,799,.529,9.1,,.847,.299,.368,.127,.053,.153,,.572,.681,.489,.542,.600,.293,,.672,1.000,,.071,23,,.034,.000,,1,0,sengual01
407,Brice Sensabaugh,SF,20,UTA,1,2,.000,15.4,,1.000,.000,.000,.500,.500,.000,,.000,,,.000,.000,,,,,,.000,0,,,,,0,0,sensabr01
408,Collin Sexton,SG,25,UTA,28,640,.464,13.0,,.641,.227,.273,.092,.049,.359,,.528,.739,.422,.321,.533,.349,,.476,.947,,.020,6,,.248,.370,,0,0,sextoco01
409,Landry Shamet,SG,26,WAS,15,253,.475,17.8,,.406,.158,.149,.059,.040,.594,,.585,.688,.467,.667,.500,.400,,.625,.833,,.059,4,,.300,.556,,0,0,shamela01
410,Day'Ron Sharpe,C,22,BRK,27,428,.533,3.6,,.956,.622,.319,.015,.000,.044,,.558,.667,.372,.000,,.000,,.611,,,.170,21,,.167,.000,,0,0,sharpda01
411,Shaedon Sharpe,SG,20,POR,26,911,.410,15.1,,.587,.226,.179,.094,.088,.413,,.446,.573,.354,.353,.406,.360,,.432,.722,,.074,23,,.140,.429,,3,0,sharpsh01
412,Ben Sheppard,SG,22,IND,12,90,.441,17.4,,.382,.206,.088,.088,.000,.618,,.615,.857,.333,.333,,.333,,.375,1.000,,.029,1,,.190,.250,,0,0,sheppbe01
413,Pascal Siakam,PF,29,TOR,27,933,.507,10.5,,.766,.306,.297,.114,.049,.234,,.582,.748,.512,.449,.286,.260,,.529,1.000,,.030,12,,.250,.360,,0,0,siakapa01
414,Ben Simmons,PG,27,BRK,6,191,.528,3.0,,1.000,.611,.361,.028,.000,.000,,.528,.682,.308,.000,,,,.526,,,.167,6,,,,,0,0,simmobe01
415,Anfernee Simons,SG,24,POR,8,269,.443,16.3,,.582,.165,.177,.108,.133,.418,,.511,.692,.464,.529,.333,.348,,.213,.565,,.025,3,,.061,.250,,0,0,simonan01
416,Jericho Sims,C,25,NYK,14,103,.667,2.6,,1.000,.800,.200,.000,.000,.000,,.667,.833,.000,,,,,.800,,,.600,7,,,,,0,0,simsje01
417,Jalen Slawson,SF,24,SAC,5,19,.667,9.8,,.667,.667,.000,.000,.000,.333,,1.000,1.000,,,,.000,,1.000,,,.000,0,,.000,,,0,0,slawsja01
418,Marcus Smart,PG,29,MEM,11,329,.429,17.6,,.487,.118,.176,.134,.059,.513,,.569,.643,.571,.563,.429,.295,,.182,.889,,.000,0,,.115,.286,,0,0,smartma01
419,Dennis Smith Jr.,PG,26,BRK,13,229,.425,11.5,,.725,.288,.275,.038,.125,.275,,.466,.739,.273,.000,.400,.318,,.444,.857,,.063,4,,.227,.800,,0,0,smithde03
420,Dru Smith,SG,26,MIA,9,131,.455,15.4,,.485,.273,.121,.061,.030,.515,,.500,.667,.500,.000,.000,.412,,.500,.857,,.000,0,,.235,.750,,0,0,smithdr01
421,Ish Smith,PG,35,CHO,20,323,.530,10.4,,.939,.242,.258,.288,.152,.061,,.532,.688,.706,.263,.500,.500,,.364,1.000,,.000,0,,.250,1.000,,0,0,smithis01
422,Jabari Smith Jr.,PF,20,HOU,25,759,.480,15.5,,.566,.238,.109,.152,.066,.434,,.566,.672,.500,.513,.412,.369,,.659,.951,,.082,19,,.153,.471,,1,0,smithja05
423,Jalen Smith,C,23,IND,15,224,.722,9.8,,.709,.519,.139,.013,.038,.291,,.732,.829,.545,1.000,.000,.696,,.707,1.000,,.203,14,,.043,1.000,,0,0,smithja04
424,Nick Smith Jr.,SG,19,CHO,11,109,.458,18.8,,.500,.083,.146,.104,.167,.500,,.500,.250,.714,.800,.250,.417,,.417,.700,,.000,0,,.167,.500,,0,0,smithni01
425,Jeremy Sochan,PG,20,SAS,26,757,.413,10.9,,.764,.299,.291,.098,.075,.236,,.438,.684,.270,.280,.316,.333,,.576,.950,,.094,22,,.317,.316,,2,0,sochaje01
426,Jaden Springer,SG,21,PHI,16,169,.379,11.2,,.707,.362,.207,.103,.034,.293,,.415,.667,.083,.333,.000,.294,,.529,.800,,.069,4,,.529,.333,,0,0,sprinja01
427,Lamar Stevens,PF,26,BOS,10,48,.500,10.9,,.667,.444,.111,.056,.056,.333,,.583,.625,.500,.000,1.000,.333,,.857,1.000,,.222,4,,.833,.200,,0,0,stevela01
428,Isaiah Stewart,PF,22,DET,25,758,.455,13.0,,.569,.330,.201,.019,.019,.431,,.521,.580,.452,.500,.250,.367,,.710,1.000,,.086,13,,.333,.367,,0,0,stewais01
429,Julian Strawther,SF,21,DEN,26,365,.390,19.0,,.363,.110,.144,.089,.021,.637,,.472,.563,.524,.308,.333,.344,,.520,.938,,.007,1,,.118,.364,,0,0,strawju01
430,Max Strus,SF,27,CLE,28,966,.411,18.2,,.342,.223,.089,.018,.012,.658,,.504,.573,.267,.833,.500,.362,,.655,.988,,.024,8,,.226,.380,,0,0,strusma01
431,Jalen Suggs,SG,22,ORL,24,624,.471,15.4,,.520,.242,.152,.076,.049,.480,,.560,.741,.382,.471,.364,.374,,.462,.900,,.040,6,,.280,.367,,0,0,suggsja01
432,Cole Swider,SF,24,MIA,3,29,.429,22.9,,.214,.071,.000,.071,.071,.786,,.667,1.000,,1.000,.000,.364,,.500,1.000,,.071,1,,.182,.500,,0,0,swideco01
433,Jae'Sean Tate,SF,28,HOU,23,410,.469,12.3,,.592,.327,.245,.010,.010,.408,,.552,.563,.583,.000,.000,.350,,.531,1.000,,.031,1,,.450,.389,,0,0,tateja01
434,Jayson Tatum,PF,25,BOS,26,957,.476,15.4,,.561,.248,.144,.089,.081,.439,,.579,.722,.493,.467,.415,.345,,.333,.532,,.073,35,,.063,.500,,0,0,tatumja01
435,Terry Taylor,PF,24,CHI,7,13,1.000,1.2,,1.000,1.000,.000,.000,.000,.000,,1.000,1.000,,,,,,.500,,,.000,0,,,,,0,0,taylote01
436,Garrett Temple,SG,37,TOR,6,19,.800,10.2,,.800,.400,.200,.000,.200,.200,,.750,1.000,1.000,,.000,1.000,,.333,1.000,,.200,1,,1.000,1.000,,0,0,templga01
437,Dalen Terry,SG,21,CHI,13,99,.368,15.8,,.421,.211,.211,.000,.000,.579,,.625,.500,.750,,,.182,,.600,1.000,,.105,1,,.364,.250,,0,0,terryda01
438,Daniel Theis,C,31,TOT,17,283,.459,8.7,,.816,.398,.276,.122,.020,.184,,.463,.615,.333,.333,.000,.444,,.838,1.000,,.112,11,,.333,.167,,0,0,theisda01
438,Daniel Theis,C,31,IND,1,8,.250,9.4,,.750,.250,.500,.000,.000,.250,,.333,1.000,.000,,,.000,,1.000,,,.250,1,,.000,,,0,0,theisda01
438,Daniel Theis,C,31,LAC,16,275,.468,8.6,,.819,.404,.266,.128,.021,.181,,.468,.605,.360,.333,.000,.471,,.833,1.000,,.106,10,,.353,.167,,0,0,theisda01
439,Cam Thomas,SG,22,BRK,18,570,.455,14.8,,.672,.127,.243,.184,.119,.328,,.487,.711,.442,.492,.333,.388,,.431,.689,,.003,1,,.190,.545,,1,0,thomaca02
440,Amen Thompson,SF,21,HOU,6,86,.423,18.4,,.538,.154,.154,.077,.154,.462,,.643,1.000,.500,.000,.750,.167,,.556,1.000,,.154,4,,.083,.000,,1,0,thompam01
441,Ausar Thompson,SF,21,DET,27,728,.463,9.2,,.783,.398,.287,.045,.053,.217,,.550,.598,.557,.455,.231,.151,,.686,.875,,.180,37,,.509,.111,,1,0,thompau01
442,Klay Thompson,SF,33,GSW,26,794,.419,20.4,,.399,.030,.118,.118,.132,.601,,.483,.727,.442,.419,.521,.376,,.700,.939,,.000,0,,.128,.357,,1,0,thompkl01
443,Tristan Thompson,PF,32,CLE,23,246,.717,2.1,,1.000,.717,.261,.022,.000,.000,,.717,.818,.500,.000,,,,.545,,,.304,13,,,,,0,0,thomptr01
444,JT Thor,PF,21,CHO,23,360,.372,15.4,,.474,.269,.090,.077,.038,.526,,.459,.619,.000,.333,.667,.293,,.706,1.000,,.064,4,,.610,.280,,0,0,thorjt01
445,Matisse Thybulle,SF,26,POR,26,603,.460,20.7,,.206,.095,.103,.000,.008,.794,,.654,.750,.615,,.000,.410,,.412,1.000,,.048,6,,.420,.476,,1,0,thybuma01
446,Xavier Tillman Sr.,C,25,MEM,14,289,.390,10.5,,.690,.330,.310,.050,.000,.310,,.435,.515,.355,.400,,.290,,.733,1.000,,.050,4,,.645,.200,,0,0,tillmxa01
447,Jacob Toppin,SF,23,NYK,1,2,,,,,,,,,,,,,,,,,,,,,,0,,,,,0,0,toppija01
448,Obi Toppin,PF,25,IND,26,623,.609,11.9,,.594,.415,.169,.010,.000,.406,,.772,.884,.543,.000,,.369,,.811,1.000,,.217,40,,.393,.303,,1,0,toppiob01
449,Juan Toscano-Anderson,SF,30,SAC,3,10,.333,8.4,,.667,.667,.000,.000,.000,.333,,.500,.500,,,,.000,,1.000,,,.000,0,,1.000,.000,,0,0,toscaju01
450,Karl-Anthony Towns,PF,28,MIN,26,865,.520,12.1,,.703,.270,.285,.087,.062,.297,,.560,.688,.487,.457,.480,.425,,.616,1.000,,.045,16,,.042,.400,,1,0,townska01
451,Gary Trent Jr.,SG,25,TOR,24,607,.393,18.2,,.467,.111,.115,.143,.098,.533,,.439,.593,.321,.371,.500,.354,,.620,.913,,.012,2,,.162,.333,,0,0,trentga02
452,Oscar Tshiebwe,PF,24,IND,3,17,.500,4.7,,1.000,.500,.375,.000,.125,.000,,.500,.750,.333,,.000,,,.500,,,.125,1,,,,,0,0,tshieos01
453,P.J. Tucker,PF,38,TOT,15,239,.316,19.9,,.158,.158,.000,.000,.000,.842,,.333,.333,,,,.313,,1.000,1.000,,.000,0,,1.000,.313,,0,0,tuckepj01
453,P.J. Tucker,PF,38,PHI,3,66,.400,23.5,,.000,.000,.000,.000,.000,1.000,,,,,,,.400,,,1.000,,.000,0,,1.000,.400,,0,0,tuckepj01
453,P.J. Tucker,PF,38,LAC,12,173,.286,18.6,,.214,.214,.000,.000,.000,.786,,.333,.333,,,,.273,,1.000,1.000,,.000,0,,1.000,.273,,0,0,tuckepj01
454,Myles Turner,C,27,IND,25,678,.503,12.3,,.656,.272,.288,.063,.033,.344,,.596,.707,.506,.421,.800,.327,,.686,1.000,,.083,23,,.144,.333,,0,0,turnemy01
455,Hunter Tyson,PF,23,DEN,8,20,.250,19.2,,.250,.250,.000,.000,.000,.750,,1.000,1.000,,,,.000,,1.000,,,.250,1,,.000,,,0,0,tysonhu01
456,Stanley Umude,SG,24,DET,15,155,.455,18.2,,.386,.068,.250,.045,.023,.614,,.353,.667,.364,.000,.000,.519,,.833,1.000,,.000,0,,.444,.500,,0,0,umudest01
457,Jonas Valančiūnas,C,31,NOP,28,775,.574,9.4,,.805,.340,.287,.135,.043,.195,,.621,.771,.543,.474,.417,.382,,.624,1.000,,.106,26,,.218,.250,,0,0,valanjo01
458,Jarred Vanderbilt,PF,24,LAL,7,99,.231,13.5,,.462,.385,.077,.000,.000,.538,,.500,.600,.000,,,.000,,.667,,,.154,2,,1.000,.000,,0,0,vandeja01
459,Fred VanVleet,PG,29,HOU,24,924,.397,19.0,,.463,.114,.140,.089,.120,.537,,.407,.450,.306,.355,.524,.388,,.212,.534,,.000,0,,.085,.500,,2,0,vanvlfr01
460,Devin Vassell,SG,23,SAS,21,623,.466,18.0,,.500,.131,.101,.121,.148,.500,,.564,.795,.433,.556,.455,.369,,.595,.782,,.040,12,,.134,.500,,0,0,vassede01
461,Sasha Vezenkov,PF,28,SAC,23,322,.436,17.8,,.368,.188,.145,.026,.009,.632,,.535,.773,.353,.000,.000,.378,,.783,.964,,.009,1,,.284,.381,,1,0,vezenal01
462,Gabe Vincent,PG,27,LAL,5,127,.375,18.5,,.469,.125,.125,.031,.188,.531,,.667,.750,.750,1.000,.500,.118,,.500,.500,,.000,0,,.235,.000,,0,0,vincega01
463,Nikola Vučević,C,33,CHI,29,994,.449,11.3,,.758,.251,.311,.118,.078,.242,,.499,.628,.486,.377,.314,.294,,.712,1.000,,.040,16,,.055,.333,,0,0,vucevni01
464,Dean Wade,PF,27,CLE,21,441,.410,23.2,,.108,.048,.012,.024,.024,.892,,.778,1.000,.000,1.000,.500,.365,,.429,.963,,.024,2,,.378,.393,,0,0,wadede01
465,Franz Wagner,SF,22,ORL,26,865,.446,11.5,,.700,.285,.337,.054,.024,.300,,.515,.636,.434,.435,.400,.283,,.490,.833,,.059,24,,.110,.214,,3,0,wagnefr01
466,Moritz Wagner,C,26,ORL,26,488,.615,7.6,,.786,.526,.245,.005,.010,.214,,.689,.802,.447,1.000,.500,.341,,.808,1.000,,.057,11,,.317,.385,,0,0,wagnemo01
467,Ish Wainright,SF,29,POR,2,5,.000,22.4,,.000,.000,.000,.000,.000,1.000,,,,,,,.000,,,,,.000,0,,1.000,.000,,0,0,wainris01
468,Jabari Walker,SF,21,POR,26,457,.464,11.2,,.680,.359,.242,.065,.013,.320,,.558,.709,.405,.300,.500,.265,,.569,1.000,,.059,6,,.449,.318,,1,0,walkeja01
469,Jarace Walker,PF,20,IND,8,84,.429,16.6,,.607,.107,.179,.107,.214,.393,,.529,.667,.200,1.000,.500,.273,,.556,1.000,,.000,0,,.455,.400,,0,0,walkeja02
470,Lonnie Walker IV,SG,25,BRK,17,362,.489,17.4,,.472,.161,.133,.067,.111,.528,,.518,.690,.417,.583,.350,.463,,.477,.727,,.022,3,,.263,.600,,0,0,walkelo01
471,Cason Wallace,SG,20,OKC,25,545,.579,14.0,,.554,.264,.165,.066,.058,.446,,.642,.781,.600,.375,.429,.500,,.698,1.000,,.058,5,,.611,.667,,0,0,wallaca01
472,P.J. Washington,PF,25,CHO,23,691,.424,15.7,,.491,.188,.255,.026,.022,.509,,.526,.725,.406,.429,.333,.326,,.743,.911,,.044,11,,.232,.281,,1,0,washipj01
473,TyTy Washington Jr.,PG,22,MIL,2,6,.333,21.1,,.333,.000,.000,.000,.333,.667,,.000,,,,.000,.500,,,1.000,,.000,0,,.500,1.000,,0,0,washity02
474,Yuta Watanabe,SF,29,PHO,19,328,.350,21.8,,.175,.063,.063,.025,.025,.825,,.357,.600,.200,.500,.000,.348,,.600,1.000,,.013,1,,.424,.357,,0,0,watanyu01
475,Lindy Waters III,SG,26,OKC,9,70,.409,24.4,,.045,.045,.000,.000,.000,.955,,1.000,1.000,,,,.381,,1.000,1.000,,.045,1,,.238,.800,,0,0,waterli01
476,Trendon Watford,PF,23,BRK,20,280,.525,9.2,,.812,.277,.455,.050,.030,.188,,.573,.714,.500,.600,.333,.316,,.489,1.000,,.030,3,,.316,.333,,0,0,watfotr01
477,Peyton Watson,SF,21,DEN,27,452,.516,9.6,,.730,.426,.230,.057,.016,.270,,.584,.692,.464,.429,.000,.333,,.827,1.000,,.164,19,,.485,.313,,0,0,watsope01
478,Victor Wembanyama,PF,20,SAS,24,732,.436,13.5,,.690,.254,.192,.123,.121,.310,,.506,.727,.467,.333,.277,.281,,.713,.794,,.138,48,,.050,.167,,1,0,wembavi01
479,Blake Wesley,SG,20,SAS,6,26,.375,10.7,,.875,.375,.125,.250,.125,.125,,.429,.333,1.000,.500,.000,.000,,.333,,,.000,0,,.000,,,0,0,weslebl01
480,Russell Westbrook,PG,35,LAC,27,650,.459,9.9,,.763,.346,.289,.083,.045,.237,,.517,.674,.390,.409,.333,.270,,.438,.941,,.064,13,,.508,.313,,0,0,westbru01
481,Coby White,PG,23,CHI,29,1005,.449,17.0,,.455,.227,.114,.061,.053,.545,,.478,.611,.267,.625,.190,.426,,.279,.837,,.008,3,,.153,.545,,2,0,whiteco01
482,Derrick White,SG,29,BOS,24,782,.492,17.8,,.414,.135,.177,.071,.030,.586,,.582,.778,.489,.526,.375,.429,,.359,.746,,.011,3,,.205,.563,,0,0,whitede01
483,Cam Whitmore,SF,19,HOU,5,32,.467,11.5,,.667,.267,.333,.067,.000,.333,,.600,.500,.800,.000,,.200,,.167,1.000,,.000,0,,.000,,,0,0,whitmca01
484,Aaron Wiggins,SG,25,OKC,23,272,.603,10.5,,.685,.438,.178,.041,.027,.315,,.660,.688,.692,.667,.000,.478,,.636,.909,,.041,2,,.478,.364,,0,0,wiggiaa01
485,Andrew Wiggins,SF,28,GSW,25,664,.420,12.8,,.715,.206,.281,.103,.125,.285,,.468,.569,.506,.207,.429,.300,,.681,.917,,.043,12,,.113,.444,,0,0,wiggian01
486,Lindell Wigginton,PG,25,MIL,3,8,.400,11.7,,.600,.400,.200,.000,.000,.400,,.667,1.000,.000,,,.000,,.000,,,.000,0,,.000,,,0,0,wiggili01
487,Grant Williams,PF,25,DAL,24,708,.425,19.1,,.306,.129,.097,.054,.027,.694,,.491,.750,.278,.300,.400,.395,,.714,.980,,.016,1,,.465,.367,,0,0,willigr01
488,Jalen Williams,PF,22,OKC,22,708,.495,10.5,,.784,.317,.268,.125,.073,.216,,.533,.736,.364,.472,.381,.355,,.367,.818,,.098,22,,.210,.538,,0,0,willija06
489,Jaylin Williams,C,21,OKC,20,262,.392,18.2,,.378,.149,.135,.054,.041,.622,,.429,.364,.500,.250,.667,.370,,.667,1.000,,.014,0,,.217,.400,,0,0,willija07
490,Jeenathan Williams,SG,24,HOU,4,22,.545,6.9,,.818,.455,.364,.000,.000,.182,,.667,1.000,.250,,,.000,,.500,,,.091,1,,1.000,.000,,0,0,willije02
491,Kenrich Williams,PF,29,OKC,15,219,.492,14.5,,.525,.271,.186,.017,.051,.475,,.548,.875,.273,.000,.000,.429,,.706,.917,,.051,2,,.250,.429,,0,0,willike04
492,Mark Williams,C,22,CHO,19,508,.649,2.6,,1.000,.742,.245,.013,.000,.000,,.649,.741,.378,.500,,,,.633,,,.331,47,,,,,0,0,willima07
493,Patrick Williams,PF,22,CHI,29,788,.442,14.6,,.592,.262,.129,.116,.086,.408,,.464,.574,.267,.481,.400,.411,,.500,.949,,.116,21,,.274,.385,,0,0,willipa01
494,Robert Williams,C,26,POR,6,119,.654,5.8,,1.000,.500,.269,.038,.192,.000,,.654,.769,.429,1.000,.600,,,.529,,,.269,5,,,,,0,0,williro04
495,Vince Williams Jr.,SG,23,MEM,18,335,.437,20.0,,.211,.127,.056,.028,.000,.789,,.600,.667,.500,.500,,.393,,.444,1.000,,.000,0,,.446,.320,,0,0,willivi01
496,Ziaire Williams,SF,22,MEM,24,480,.389,16.2,,.497,.186,.144,.102,.066,.503,,.470,.774,.250,.294,.364,.310,,.718,.962,,.102,16,,.333,.393,,0,0,willizi02
497,Zion Williamson,PF,23,NOP,23,701,.578,4.1,,.980,.563,.379,.034,.003,.020,,.584,.724,.402,.333,.000,.286,,.477,1.000,,.112,34,,.000,,,0,0,willizi01
498,Jalen Wilson,PF,23,BRK,7,52,.667,10.9,,.667,.333,.333,.000,.000,.333,,.667,1.000,.333,,,.667,,.500,1.000,,.000,0,,.000,,,0,0,wilsoja03
499,Dylan Windler,SF,27,NYK,3,7,.500,25.2,,.000,.000,.000,.000,.000,1.000,,,,,,,.500,,,1.000,,.000,0,,.500,.000,,0,0,windldy01
500,James Wiseman,C,22,DET,17,242,.716,4.4,,.986,.514,.351,.068,.054,.014,,.726,.895,.538,.600,.500,.000,,.774,,,.311,23,,.000,,,0,0,wisemja01
501,Christian Wood,PF,28,LAL,25,486,.463,14.2,,.551,.279,.199,.037,.037,.449,,.613,.842,.407,.600,.000,.279,,.739,1.000,,.110,13,,.262,.375,,0,0,woodch01
502,Delon Wright,PG,31,WAS,8,141,.367,13.0,,.633,.233,.300,.033,.067,.367,,.368,.571,.222,1.000,.000,.364,,.286,1.000,,.000,0,,.182,.500,,0,0,wrighde01
503,Thaddeus Young,PF,35,TOR,4,13,.500,8.2,,1.000,.250,.250,.500,.000,.000,,.500,.000,.000,1.000,,,,.500,,,.000,0,,,,,0,0,youngth01
504,Trae Young,PG,25,ATL,25,900,.434,17.3,,.554,.135,.186,.160,.073,.446,,.471,.574,.404,.457,.486,.387,,.242,.264,,.002,0,,.031,.571,,2,0,youngtr01
505,Omer Yurtseven,C,25,UTA,18,227,.515,7.6,,.809,.441,.309,.044,.015,.191,,.582,.767,.381,.333,.000,.231,,.656,1.000,,.206,12,,.538,.286,,0,0,yurtsom01
506,Cody Zeller,C,31,NOP,22,221,.333,3.6,,.974,.667,.282,.000,.026,.026,,.342,.423,.182,,.000,.000,,.692,,,.103,4,,.000,,,0,0,zelleco01
507,Ivica Zubac,C,26,LAC,27,724,.627,3.4,,1.000,.516,.471,.013,.000,.000,,.627,.664,.585,.667,,,,.745,,,.244,50,,,,,0,0,zubaciv01